,time,.header.seq,.header.stamp.secs,.header.stamp.nsecs,.header.frame_id,.pose.position.x,.pose.position.y,.pose.position.z,.pose.orientation.x,.pose.orientation.y,.pose.orientation.z,.pose.orientation.w
0,2022/05/19/14:29:15.622346,316,1652938155,621344863,map,2.1828728913,-1.48723699614,1e-05,0.0,0.0,-0.0868040877281,0.996225401379
1,2022/05/19/14:29:15.822022,317,1652938155,821179011,map,2.17403534976,-1.49833577982,1e-05,0.0,0.0,-0.0868040877281,0.996225401379
2,2022/05/19/14:29:16.122405,318,1652938156,121336945,map,2.1917104341,-1.49833577982,1e-05,0.0,0.0,-0.0868040877281,0.996225401379
3,2022/05/19/14:29:16.322286,319,1652938156,321301305,map,2.2093855172,-1.49833577982,1e-05,0.0,0.0,-0.0868040877281,0.996225401379
4,2022/05/19/14:29:16.622026,320,1652938156,621266223,map,2.21822306,-1.5094345635,1e-05,0.0,0.0,-0.0868040877281,0.996225401379
5,2022/05/19/14:29:16.822187,321,1652938156,821275132,map,2.22706060155,-1.49833577982,1e-05,0.0,0.0,-0.0868040877281,0.996225401379
6,2022/05/19/14:29:17.122121,322,1652938157,121240702,map,2.24473568589,-1.5094345635,1e-05,0.0,0.0,0.140464487157,0.990085717424
7,2022/05/19/14:29:17.322072,323,1652938157,321323963,map,2.28892339614,-1.49833577982,1e-05,0.0,0.0,0.0560561455995,0.998427618078
8,2022/05/19/14:29:17.622175,324,1652938157,621299373,map,2.34194864918,-1.49833577982,1e-05,0.0,0.0,-0.178568756291,0.983927435981
9,2022/05/19/14:29:17.822523,325,1652938157,821152221,map,2.43916161122,-1.52053334719,1e-05,0.0,0.0,-0.126107725126,0.99201655312
10,2022/05/19/14:29:18.122505,326,1652938158,121344661,map,2.55404965885,-1.48723699614,1e-05,0.0,0.0,0.201308466103,0.979527897242
11,2022/05/19/14:29:18.321743,327,1652938158,321146462,map,2.66893770524,-1.4428418622,1e-05,0.0,0.0,0.479787358726,0.877384801787
12,2022/05/19/14:29:18.622056,328,1652938158,621418176,map,2.77498821007,-1.40954551115,1e-05,0.0,0.0,0.0933632981483,0.995632108039
13,2022/05/19/14:29:18.822106,329,1652938158,821242593,map,2.9163888836,-1.42064429483,1e-05,0.0,0.0,-0.134242765893,0.990948474849
14,2022/05/19/14:29:19.122375,330,1652938159,121401593,map,3.09313972458,-1.46503942877,1e-05,0.0,0.0,-0.0948849843884,0.995488241888
15,2022/05/19/14:29:19.321969,331,1652938159,321178992,map,3.25221548246,-1.52053334719,1e-05,0.0,0.0,-0.202803958723,0.979219359657
16,2022/05/19/14:29:19.621611,332,1652938159,621102660,map,3.43780386498,-1.57602726481,1e-05,0.0,0.0,-0.24146835377,0.97040869438
17,2022/05/19/14:29:19.821604,333,1652938159,821078372,map,3.61455470721,-1.63152118244,1e-05,0.0,0.0,-0.100501416663,0.994936915211
18,2022/05/19/14:29:20.122132,334,1652938160,121167619,map,3.78246800664,-1.67591631638,1e-05,0.0,0.0,-0.142801334585,0.989751372235
19,2022/05/19/14:29:20.321759,335,1652938160,321152902,map,3.95921884761,-1.70921266743,1e-05,0.0,0.0,-0.329741889683,0.94407112348
20,2022/05/19/14:29:20.622090,336,1652938160,621250442,map,4.10945706269,-1.75360780137,1e-05,0.0,0.0,-0.138382080095,0.990378917338
21,2022/05/19/14:29:20.822291,337,1652938160,821233277,map,4.27737036212,-1.78690415242,1e-05,0.0,0.0,-0.0222189180582,0.999753129368
22,2022/05/19/14:29:21.122118,338,1652938161,121252063,map,4.45412120435,-1.80910171899,1e-05,0.0,0.0,-0.13116623909,0.991360387409
23,2022/05/19/14:29:21.323405,339,1652938161,321106678,map,4.63087204532,-1.83129928636,1e-05,0.0,0.0,-0.0837521072873,0.996486620344
24,2022/05/19/14:29:21.621791,340,1652938161,621098182,map,4.79878534475,-1.85349685372,1e-05,0.0,0.0,-0.095561787903,0.995423500171
25,2022/05/19/14:29:21.821729,341,1652938161,821144496,map,4.98437372852,-1.88679320398,1e-05,0.0,0.0,-0.0749463550421,0.997187567043
26,2022/05/19/14:29:22.121719,342,1652938162,121091312,map,5.15228702795,-1.90899077135,1e-05,0.0,0.0,-0.0284478209012,0.999595278843
27,2022/05/19/14:29:22.321969,343,1652938162,321171604,map,5.30252524303,-1.93118833793,1e-05,0.0,0.0,-0.0603752141487,0.998175752819
28,2022/05/19/14:29:22.622132,344,1652938162,621286934,map,5.47043854246,-1.93118833793,1e-05,0.0,0.0,-0.00954296643464,0.999954464859
29,2022/05/19/14:29:22.821989,345,1652938162,821237617,map,5.61183921473,-1.94228712161,1e-05,0.0,0.0,-0.0516200313436,0.998666797468
30,2022/05/19/14:29:23.121758,346,1652938163,121149246,map,5.76207742981,-1.96448468897,1e-05,0.0,0.0,-0.0221863756916,0.999753852072
31,2022/05/19/14:29:23.321738,347,1652938163,321159458,map,5.92115318769,-1.97558347266,1e-05,0.0,0.0,-0.0890953432818,0.996023102044
32,2022/05/19/14:29:23.621756,348,1652938163,621141256,map,6.08906648712,-1.97558347266,1e-05,0.0,0.0,0.0720064632173,0.997404165449
33,2022/05/19/14:29:23.821713,349,1652938163,821204604,map,6.24814224375,-1.98668225634,1e-05,0.0,0.0,-0.107281508158,0.994228684965
34,2022/05/19/14:29:24.122319,350,1652938164,121313684,map,6.41605554318,-2.00887982292,1e-05,0.0,0.0,-0.023498782464,0.999723865486
35,2022/05/19/14:29:24.322133,351,1652938164,321272559,map,6.57513130106,-2.0199786066,1e-05,0.0,0.0,-0.139659612931,0.990199572064
36,2022/05/19/14:29:24.622122,352,1652938164,621266692,map,6.76955722638,-2.04217617397,1e-05,0.0,0.0,0.0166097092081,0.999862049265
37,2022/05/19/14:29:24.821993,353,1652938164,821313170,map,6.93747052581,-2.06437374133,1e-05,0.0,0.0,-0.114403568515,0.993434357928
38,2022/05/19/14:29:25.121947,354,1652938165,121129914,map,7.08770874089,-2.09767009159,1e-05,0.0,0.0,-0.0894788251178,0.995988724763
39,2022/05/19/14:29:25.322092,355,1652938165,321193276,map,7.26445958186,-2.14206522553,1e-05,0.0,0.0,-0.0525359572516,0.998619033063
40,2022/05/19/14:29:25.621789,356,1652938165,621178501,map,7.42353533974,-2.1642627929,1e-05,0.0,0.0,-0.139560757806,0.990213509745
41,2022/05/19/14:29:25.821818,357,1652938165,821152844,map,7.56493601327,-2.20865792684,1e-05,0.0,0.0,-0.200372112563,0.979719866343
42,2022/05/19/14:29:26.121800,358,1652938166,121219673,map,7.75052439579,-2.24195427789,1e-05,0.0,0.0,-0.132967558115,0.991120390512
43,2022/05/19/14:29:26.322002,359,1652938166,321156658,map,7.93611277957,-2.29744819551,1e-05,0.0,0.0,-0.120533181728,0.99270929889
44,2022/05/19/14:29:26.622261,360,1652938166,621355761,map,8.104026079,-2.35294211314,1e-05,0.0,0.0,-0.122697349778,0.992444134628
45,2022/05/19/14:29:26.821901,361,1652938166,821173773,map,8.28077691997,-2.40843603076,1e-05,0.0,0.0,-0.125143624711,0.992138636076
46,2022/05/19/14:29:27.121820,362,1652938167,121158337,map,8.43985267785,-2.44173238181,1e-05,0.0,0.0,-0.0659706164958,0.997821566092
47,2022/05/19/14:29:27.322324,363,1652938167,321287163,map,8.60776597728,-2.47502873207,1e-05,0.0,0.0,-0.112636054673,0.993636311327
48,2022/05/19/14:29:27.622330,364,1652938167,621213687,map,8.77567927671,-2.5194238668,1e-05,0.0,0.0,-0.13196816709,0.991253954784
49,2022/05/19/14:29:27.822062,365,1652938167,821245667,map,8.96126766048,-2.54162143338,1e-05,0.0,0.0,-0.00627677363941,0.999980300862
50,2022/05/19/14:29:28.123677,366,1652938168,121246613,map,9.13801850146,-2.57491778443,1e-05,0.0,0.0,-0.127069023115,0.991893877068
51,2022/05/19/14:29:28.322274,367,1652938168,321247860,map,9.32360688523,-2.60821413469,1e-05,0.0,0.0,-0.0944562586433,0.995529012738
52,2022/05/19/14:29:28.621943,368,1652938168,621182895,map,9.50919526775,-2.65260926942,1e-05,0.0,0.0,-0.1344536792,0.990919879783
53,2022/05/19/14:29:28.821969,369,1652938168,821216343,map,9.68594610998,-2.674806836,1e-05,0.0,0.0,-0.0248148128036,0.999692065121
54,2022/05/19/14:29:29.121950,370,1652938169,121211851,map,9.88920957685,-2.69700440336,1e-05,0.0,0.0,-0.0594663120225,0.998230312971
55,2022/05/19/14:29:29.322120,371,1652938169,321204216,map,10.0747979606,-2.73030075441,1e-05,0.0,0.0,-0.0823216187163,0.996605815301
56,2022/05/19/14:29:29.621939,372,1652938169,621208299,map,10.2603863444,-2.76359710467,1e-05,0.0,0.0,-0.0355438212814,0.999368118747
57,2022/05/19/14:29:29.822006,373,1652938169,821170158,map,10.4636498125,-2.79689345572,1e-05,0.0,0.0,-0.0298418336975,0.999554633305
58,2022/05/19/14:29:30.122347,374,1652938170,121207946,map,10.6227255692,-2.83018980598,1e-05,0.0,0.0,-0.0726122478341,0.997360246583
59,2022/05/19/14:29:30.321906,375,1652938170,321202092,map,10.8259890373,-2.86348615702,1e-05,0.0,0.0,-0.0812214819167,0.996696077486
60,2022/05/19/14:29:30.621799,376,1652938170,621161642,map,11.0204149626,-2.8856837236,1e-05,0.0,0.0,-0.0732489020725,0.997313691045
61,2022/05/19/14:29:30.822078,377,1652938170,821255060,map,11.2148408879,-2.93007885833,1e-05,0.0,0.0,-0.0742693141956,0.997238220772
62,2022/05/19/14:29:31.122567,378,1652938171,121310691,map,11.4004292717,-2.95227642491,1e-05,0.0,0.0,-0.0855003924659,0.996338136823
63,2022/05/19/14:29:31.322227,379,1652938171,321230267,map,11.594855197,-2.98557277596,1e-05,0.0,0.0,-0.0771655519749,0.997018293507
64,2022/05/19/14:29:31.622216,380,1652938171,621236672,map,11.7892811223,-3.01886912622,1e-05,0.0,0.0,-0.0995073983675,0.995036822268
65,2022/05/19/14:29:31.821213,381,1652938171,820964136,map,11.9660319646,-3.05216547727,1e-05,0.0,0.0,-0.0822458673786,0.996612069613
66,2022/05/19/14:29:32.121123,382,1652938172,120939491,map,12.1604578899,-3.08546182753,1e-05,0.0,0.0,-0.0342400693752,0.999413636914
67,2022/05/19/14:29:32.321146,383,1652938172,320946902,map,12.3548838152,-3.10765939489,1e-05,0.0,0.0,-0.057251605519,0.998359781675
68,2022/05/19/14:29:32.621176,384,1652938172,620944993,map,12.5581472833,-3.11875817857,1e-05,0.0,0.0,-0.0559630041913,0.998432843091
69,2022/05/19/14:29:32.821782,385,1652938172,820920654,map,12.770248293,-3.15205452883,1e-05,0.0,0.0,-0.0938744319956,0.99558404518
70,2022/05/19/14:29:33.121079,386,1652938173,120916404,map,12.9558366755,-3.16315331252,1e-05,0.0,0.0,-0.0938253440613,0.995588672501
71,2022/05/19/14:29:33.321151,387,1652938173,320925108,map,13.1502626021,-3.1742520962,1e-05,0.0,0.0,-0.0707510295549,0.997494005905
72,2022/05/19/14:29:33.621783,388,1652938173,621155344,map,13.3446885274,-3.15205452883,1e-05,0.0,0.0,-0.0585284378192,0.998285741642
73,2022/05/19/14:29:33.822337,389,1652938173,821288157,map,13.5391144528,-3.14095574594,1e-05,0.0,0.0,-0.057542333628,0.998343067207
74,2022/05/19/14:29:34.121562,390,1652938174,121089240,map,13.7070277522,-3.16315331252,1e-05,0.0,0.0,-0.110532191908,0.99387254442
75,2022/05/19/14:29:34.321808,391,1652938174,321114765,map,13.8749410516,-3.18535087988,1e-05,0.0,0.0,-0.146692579018,0.98918213048
76,2022/05/19/14:29:34.622031,392,1652938174,621190513,map,14.0605294354,-3.16315331252,1e-05,0.0,0.0,0.0515330553295,0.998671289368
77,2022/05/19/14:29:34.822217,393,1652938174,821287897,map,14.2549553607,-3.15205452883,1e-05,0.0,0.0,-0.0385689273006,0.999255942112
78,2022/05/19/14:29:35.121824,394,1652938175,121137392,map,14.4670563704,-3.15205452883,1e-05,0.0,0.0,-0.00815286621302,0.999966764834
79,2022/05/19/14:29:35.321988,395,1652938175,321244754,map,14.6614822957,-3.1742520962,1e-05,0.0,0.0,-0.125486129425,0.992095374106
80,2022/05/19/14:29:35.622169,396,1652938175,621267278,map,14.8735833054,-3.14095574594,1e-05,0.0,0.0,-0.0622215225411,0.998062363849
81,2022/05/19/14:29:35.822100,397,1652938175,821345884,map,15.0768467735,-3.12985696226,1e-05,0.0,0.0,-0.000654672955658,0.999999785702
82,2022/05/19/14:29:36.122473,398,1652938176,121295394,map,15.2712726988,-3.12985696226,1e-05,0.0,0.0,-0.0494327027607,0.998777456643
83,2022/05/19/14:29:36.321746,399,1652938176,321146771,map,15.4833737085,-3.14095574594,1e-05,0.0,0.0,-0.0686182860859,0.997642987654
84,2022/05/19/14:29:36.621766,400,1652938176,621167985,map,15.7219873441,-3.10765939489,1e-05,0.0,0.0,0.0587674848173,0.99827169785
85,2022/05/19/14:29:36.821873,401,1652938176,821118767,map,15.9252508122,-3.08546182753,1e-05,0.0,0.0,-0.130344411747,0.991468776274
86,2022/05/19/14:29:37.121853,402,1652938177,121149605,map,16.1020016532,-3.09656061121,1e-05,0.0,0.0,-0.336434372183,0.941706914711
87,2022/05/19/14:29:37.321723,403,1652938177,321109450,map,16.3317777472,-3.09656061121,1e-05,0.0,0.0,-0.0332068116873,0.999448501754
88,2022/05/19/14:29:37.621366,404,1652938177,621088788,map,16.5527162984,-3.09656061121,1e-05,0.0,0.0,-0.0965386489941,0.99532923661
89,2022/05/19/14:29:37.821776,405,1652938177,821153442,map,16.7824923924,-3.10765939489,1e-05,0.0,0.0,-0.135702862941,0.990749581372
90,2022/05/19/14:29:38.121979,406,1652938178,121140707,map,17.0122684864,-3.11875817857,1e-05,0.0,0.0,-0.0564731412715,0.998404118739
91,2022/05/19/14:29:38.321785,407,1652938178,321197273,map,17.2155319546,-3.15205452883,1e-05,0.0,0.0,-0.1136307481,0.99352305111
92,2022/05/19/14:29:38.622151,408,1652938178,621214750,map,17.4276329642,-3.14095574594,1e-05,0.0,0.0,-0.0553573553716,0.998466605954
93,2022/05/19/14:29:38.821906,409,1652938178,821168243,map,17.6662465998,-3.14095574594,1e-05,0.0,0.0,0.0299088244249,0.999552631041
94,2022/05/19/14:29:39.122107,410,1652938179,121186115,map,17.8606725251,-3.15205452883,1e-05,0.0,0.0,-0.041761696238,0.999127599823
95,2022/05/19/14:29:39.322934,411,1652938179,321250545,map,18.0550984504,-3.1742520962,1e-05,0.0,0.0,-0.071271217404,0.997456973292
96,2022/05/19/14:29:39.621608,412,1652938179,621196973,map,18.2141742083,-3.20754844725,1e-05,0.0,0.0,-0.0841399419202,0.996453947844
97,2022/05/19/14:29:39.823148,413,1652938179,821346214,map,18.4616253867,-3.26304236487,1e-05,0.0,0.0,-0.132084772526,0.991238423825
98,2022/05/19/14:29:40.122246,414,1652938180,121212621,map,18.7090765638,-3.30743749881,1e-05,0.0,0.0,-0.0803061768216,0.996770243318
99,2022/05/19/14:29:40.322648,415,1652938180,321187268,map,18.9300151163,-3.36293141644,1e-05,0.0,0.0,-0.0781014441728,0.99694541697
100,2022/05/19/14:29:40.622227,416,1652938180,621492548,map,19.1156035001,-3.41842533406,1e-05,0.0,0.0,-0.0181758178509,0.999834806178
101,2022/05/19/14:29:40.822255,417,1652938180,821298836,map,19.3188669669,-3.47391925248,1e-05,0.0,0.0,-0.0196221755067,0.99980746658
102,2022/05/19/14:29:41.123241,418,1652938181,121207008,map,19.522130435,-3.50721560274,1e-05,0.0,0.0,-0.104858079893,0.994487196037
103,2022/05/19/14:29:41.322293,419,1652938181,321157287,map,19.7342314447,-3.55161073668,1e-05,0.0,0.0,-0.0733406335305,0.997306949476
104,2022/05/19/14:29:41.621576,420,1652938181,621133628,map,19.9551699959,-3.61820343799,1e-05,0.0,0.0,-0.0779893008079,0.996954196019
105,2022/05/19/14:29:41.822029,421,1652938181,821168772,map,20.1761085484,-3.69589492298,1e-05,0.0,0.0,-0.130718177398,0.991419567135
106,2022/05/19/14:29:42.121892,422,1652938182,121150144,map,20.3970470996,-3.75138884139,1e-05,0.0,0.0,-0.110196707242,0.993909797574
107,2022/05/19/14:29:42.323669,423,1652938182,322864637,map,20.6268231936,-3.80688275902,1e-05,0.0,0.0,-0.0430551294459,0.99907269797
108,2022/05/19/14:29:42.622182,424,1652938182,621206232,map,20.8565992877,-3.84017910928,1e-05,0.0,0.0,-0.0532051391595,0.998583603494
109,2022/05/19/14:29:42.822475,425,1652938182,821310952,map,21.051025213,-3.90677181058,1e-05,0.0,0.0,-0.29478590923,0.955563324809
110,2022/05/19/14:29:43.121984,426,1652938183,121205774,map,21.2719637655,-3.95116694532,1e-05,0.0,0.0,-0.0902229783982,0.995921590372
111,2022/05/19/14:29:43.322586,427,1652938183,321239019,map,21.4840647751,-3.97336451189,1e-05,0.0,0.0,0.102544360394,0.994728432363
112,2022/05/19/14:29:43.621809,428,1652938183,621184652,map,21.687328242,-4.00666086294,1e-05,0.0,0.0,-0.0786011617653,0.996906142708
113,2022/05/19/14:29:43.821702,429,1652938183,821117882,map,21.8905917101,-4.06215478057,1e-05,0.0,0.0,-0.111175631486,0.993800774282
114,2022/05/19/14:29:44.121491,430,1652938184,120981143,map,22.1115302613,-4.08435234793,1e-05,0.0,0.0,-0.0322195713109,0.999480814836
115,2022/05/19/14:29:44.322012,431,1652938184,321181567,map,22.3501438969,-4.11764869819,1e-05,0.0,0.0,-0.00184751722867,0.999998293339
116,2022/05/19/14:29:44.621759,432,1652938184,621146048,map,22.553407365,-4.13984626556,1e-05,0.0,0.0,-0.121207743438,0.992627162096
117,2022/05/19/14:29:44.821672,433,1652938184,821145050,map,22.7743459175,-4.16204383213,1e-05,0.0,0.0,-0.0257061297154,0.999669542847
118,2022/05/19/14:29:45.121983,434,1652938185,121187661,map,22.9776093844,-4.17314261582,1e-05,0.0,0.0,-0.0796180224644,0.996825446354
119,2022/05/19/14:29:45.322446,435,1652938185,321243856,map,23.1808728525,-4.21753775055,1e-05,0.0,0.0,-0.112237608004,0.993681397305
120,2022/05/19/14:29:45.622105,436,1652938185,621223137,map,23.3752987778,-4.26193288449,1e-05,0.0,0.0,-0.130629236699,0.991431289863
121,2022/05/19/14:29:45.822080,437,1652938185,821269528,map,23.5873997875,-4.29522923475,1e-05,0.0,0.0,-0.0555746628847,0.99845453419
122,2022/05/19/14:29:46.122174,438,1652938186,121276521,map,23.7995007972,-4.31742680211,1e-05,0.0,0.0,-0.0823297069482,0.996605147164
123,2022/05/19/14:29:46.322019,439,1652938186,321214894,map,24.0027642653,-4.33962436948,1e-05,0.0,0.0,0.00369424275836,0.999993176262
124,2022/05/19/14:29:46.622382,440,1652938186,621341376,map,24.232540358,-4.35072315316,1e-05,0.0,0.0,-0.0792450062207,0.996855169515
125,2022/05/19/14:29:46.822196,441,1652938186,821328147,map,24.4181287418,-4.3951182871,1e-05,0.0,0.0,-0.137830568845,0.990455821474
126,2022/05/19/14:29:47.122268,442,1652938187,121291614,map,24.6213922099,-4.3951182871,1e-05,0.0,0.0,-0.0942119596593,0.995552161696
127,2022/05/19/14:29:47.322427,443,1652938187,321337953,map,24.8246556768,-4.40621707079,1e-05,0.0,0.0,-0.125305528446,0.992118200892
128,2022/05/19/14:29:47.623234,444,1652938187,621405967,map,25.0367566865,-4.41731585447,1e-05,0.0,0.0,-0.00363210945388,0.999993403869
129,2022/05/19/14:29:47.821195,445,1652938187,821055943,map,25.2665327805,-4.42841463736,1e-05,0.0,0.0,-0.0241216011095,0.999709031849
130,2022/05/19/14:29:48.121209,446,1652938188,120984521,map,25.4521211643,-4.45061220473,1e-05,0.0,0.0,-0.100079960929,0.994979397485
131,2022/05/19/14:29:48.321186,447,1652938188,320969334,map,25.664222174,-4.4728097721,1e-05,0.0,0.0,-0.0468363104436,0.998902577844
132,2022/05/19/14:29:48.621192,448,1652938188,620970518,map,25.8674856421,-4.51720490604,1e-05,0.0,0.0,-0.106140159588,0.99435117867
133,2022/05/19/14:29:48.821251,449,1652938188,820971488,map,26.0972617361,-4.55050125709,1e-05,0.0,0.0,-0.0681334365487,0.997676217429
134,2022/05/19/14:29:49.122536,450,1652938189,121287525,map,26.3182002873,-4.56160003998,1e-05,0.0,0.0,-0.0154939767773,0.999879961137
135,2022/05/19/14:29:49.322227,451,1652938189,321392220,map,26.5568139229,-4.57269882366,1e-05,0.0,0.0,-0.02482388572,0.999691839868
136,2022/05/19/14:29:49.622184,452,1652938189,621397015,map,26.7865900169,-4.58379760735,1e-05,0.0,0.0,-0.0403939900019,0.999183829719
137,2022/05/19/14:29:49.822207,453,1652938189,821408349,map,26.9633408591,-4.62819274208,1e-05,0.0,0.0,-0.101881223327,0.994796570326
138,2022/05/19/14:29:50.122509,454,1652938190,121332178,map,27.1577667845,-4.65039030865,1e-05,0.0,0.0,-0.0335863834786,0.999435818272
139,2022/05/19/14:29:50.322824,455,1652938190,321511494,map,27.4317305887,-4.69478544338,1e-05,0.0,0.0,-0.16734616196,0.985898200666
140,2022/05/19/14:29:50.622383,456,1652938190,621681466,map,27.6703442243,-4.73918057733,1e-05,0.0,0.0,-0.0897077605833,0.995968130861
141,2022/05/19/14:29:50.822190,457,1652938190,821390348,map,27.9177954027,-4.78357571127,1e-05,0.0,0.0,-0.104494615728,0.994525452306
142,2022/05/19/14:29:51.122329,458,1652938191,121381207,map,28.0945462436,-4.827970846,1e-05,0.0,0.0,-0.588275814512,0.808660352719
143,2022/05/19/14:29:51.322403,459,1652938191,321281729,map,28.3243223376,-4.85016841258,1e-05,0.0,0.0,-0.133186983969,0.991090927867
144,2022/05/19/14:29:51.621967,460,1652938191,621202936,map,28.5452608889,-4.88346476362,1e-05,0.0,0.0,-0.0808030229346,0.996730089585
145,2022/05/19/14:29:51.822047,461,1652938191,821335540,map,28.7838745257,-4.9056623302,1e-05,0.0,0.0,-0.0588220191201,0.998268485963
146,2022/05/19/14:29:52.123601,462,1652938192,121225746,map,29.0224881613,-4.95005746493,1e-05,0.0,0.0,-0.172689341202,0.984976340546
147,2022/05/19/14:29:52.321891,463,1652938192,321289528,map,29.2522642553,-5.01665016624,1e-05,0.0,0.0,-0.168496605144,0.985702233971
148,2022/05/19/14:29:52.621815,464,1652938192,621241889,map,29.4555277221,-5.06104530018,1e-05,0.0,0.0,-0.0617737487051,0.998090178276
149,2022/05/19/14:29:52.822081,465,1652938192,821239783,map,29.6676287318,-5.14983556886,1e-05,0.0,0.0,-0.275547596694,0.961287429417
150,2022/05/19/14:29:53.121792,466,1652938193,121133593,map,29.923917453,-5.18313191912,1e-05,0.0,0.0,-0.0717135707413,0.997425267261
151,2022/05/19/14:29:53.321712,467,1652938193,321192965,map,30.1890437144,-5.22752705385,1e-05,0.0,0.0,-0.0877947794523,0.99613858308
152,2022/05/19/14:29:53.621489,468,1652938193,621044281,map,30.4364948928,-5.27192218779,1e-05,0.0,0.0,-0.0712114176758,0.997461244356
153,2022/05/19/14:29:53.821850,469,1652938193,821183417,map,30.6751085284,-5.30521853805,1e-05,0.0,0.0,-0.0883646747918,0.996088191
154,2022/05/19/14:29:54.121704,470,1652938194,121119556,map,30.887209538,-5.34961367278,1e-05,0.0,0.0,-0.179333234178,0.983788387368
155,2022/05/19/14:29:54.321701,471,1652938194,321128151,map,31.1081480893,-5.38291002304,1e-05,0.0,0.0,-0.040478918018,0.99918039272
156,2022/05/19/14:29:54.621150,472,1652938194,620967926,map,31.3202491002,-5.41620637409,1e-05,0.0,0.0,-0.0976469079886,0.995221121842
157,2022/05/19/14:29:54.824120,473,1652938194,821131036,map,31.5235125671,-5.43840394145,1e-05,0.0,0.0,-0.0588016341137,0.998269686921
158,2022/05/19/14:29:55.121754,474,1652938195,121087359,map,31.7267760352,-5.47170029171,1e-05,0.0,0.0,-0.0920514233511,0.995754254552
159,2022/05/19/14:29:55.321999,475,1652938195,321197070,map,31.912364419,-5.4827990754,1e-05,0.0,0.0,0.0441069117489,0.999026816625
160,2022/05/19/14:29:55.621702,476,1652938195,621114641,map,32.1067903443,-5.52719420934,1e-05,0.0,0.0,-0.203857989332,0.979000469962
161,2022/05/19/14:29:55.821786,477,1652938195,821222660,map,32.3365664383,-5.57158934407,1e-05,0.0,0.0,-0.128301093115,0.991735261804
162,2022/05/19/14:29:56.121817,478,1652938196,121247064,map,32.5751800739,-5.59378691065,1e-05,0.0,0.0,-0.0222836537415,0.999751688559
163,2022/05/19/14:29:56.321710,479,1652938196,321161837,map,32.7519309148,-5.61598447801,1e-05,0.0,0.0,-0.178342414416,0.983968486904
164,2022/05/19/14:29:56.621940,480,1652938196,621196829,map,32.9728694673,-5.63818204538,1e-05,0.0,0.0,-0.0248669820448,0.99969076879
165,2022/05/19/14:29:56.822246,481,1652938196,821162650,map,33.2291581872,-5.66037961195,1e-05,0.0,0.0,-0.0547273753447,0.998501334194
166,2022/05/19/14:29:57.122239,482,1652938197,121200759,map,33.4589342812,-5.70477474668,1e-05,0.0,0.0,-0.0895102888146,0.995985897589
167,2022/05/19/14:29:57.321844,483,1652938197,321171867,map,33.6621977481,-5.74916988063,1e-05,0.0,0.0,-0.101095365979,0.99487673959
168,2022/05/19/14:29:57.621799,484,1652938197,621162661,map,34.0510496,-5.73807109694,1e-05,0.0,0.0,0.00419453749134,0.999991202889
169,2022/05/19/14:29:57.822417,485,1652938197,821217316,map,34.3073383199,-5.76026866431,1e-05,0.0,0.0,-0.0498963874228,0.998754399501
170,2022/05/19/14:29:58.122675,486,1652938198,121139089,map,34.5459519555,-5.79356501457,1e-05,0.0,0.0,-0.11027815103,0.993900764365
171,2022/05/19/14:29:58.322153,487,1652938198,321233917,map,34.7934031339,-5.78246623089,1e-05,0.0,0.0,0.0591840666776,0.998247086773
172,2022/05/19/14:29:58.622329,488,1652938198,621255249,map,35.040854311,-5.74916988063,1e-05,0.0,0.0,0.0464458693353,0.998920808283
173,2022/05/19/14:29:58.822320,489,1652938198,821294989,map,35.3148181152,-5.74916988063,1e-05,0.0,0.0,-0.0466506360564,0.998911266407
174,2022/05/19/14:29:59.122554,490,1652938199,121306802,map,35.500406499,-5.78246623089,1e-05,0.0,0.0,-0.0524102923754,0.998625636189
175,2022/05/19/14:29:59.321976,491,1652938199,321137550,map,35.6683197984,-5.82686136562,1e-05,0.0,0.0,-0.0705173043434,0.997510556229
176,2022/05/19/14:29:59.622453,492,1652938199,621181289,map,35.8362330979,-5.84905893219,1e-05,0.0,0.0,0.00190293133498,0.999998189425
177,2022/05/19/14:29:59.822522,493,1652938199,821401995,map,36.1720596967,-5.88235528324,1e-05,0.0,0.0,-0.1012025005,0.994865847184
178,2022/05/19/14:30:00.122984,494,1652938200,121473506,map,36.4548610425,-5.90455285061,1e-05,0.0,0.0,-0.0306281811688,0.999530847207
179,2022/05/19/14:30:00.322337,495,1652938200,321369424,map,36.7111497625,-5.94894798455,1e-05,0.0,0.0,-0.0872617152725,0.996185421017
180,2022/05/19/14:30:00.622108,496,1652938200,621330437,map,36.9851135667,-5.96004676823,1e-05,0.0,0.0,-0.325774591873,0.945447468287
181,2022/05/19/14:30:00.822038,497,1652938200,821321939,map,37.2325647451,-6.04883703612,1e-05,0.0,0.0,-0.198977972237,0.980003962525
182,2022/05/19/14:30:01.122071,498,1652938201,121207411,map,37.5242036337,-6.03773825322,1e-05,0.0,0.0,0.0291956454679,0.999573716284
183,2022/05/19/14:30:01.322223,499,1652938201,321246664,map,37.7893298952,-6.13762730479,1e-05,0.0,0.0,-0.0651184633001,0.997877540451
184,2022/05/19/14:30:01.622036,500,1652938201,621273365,map,38.0102684476,-6.18202243873,1e-05,0.0,0.0,-0.280449682665,0.959868728261
185,2022/05/19/14:30:01.822144,501,1652938201,821195520,map,38.2488820832,-6.25971392372,1e-05,0.0,0.0,-0.164988561781,0.986295480311
186,2022/05/19/14:30:02.121912,502,1652938202,121141942,map,38.4963332616,-6.35960297608,1e-05,0.0,0.0,-0.0661065420787,0.997812570122
187,2022/05/19/14:30:02.322002,503,1652938202,321246602,map,38.7349468971,-6.42619567739,1e-05,0.0,0.0,-0.184660766608,0.982802320549
188,2022/05/19/14:30:02.622079,504,1652938202,621255008,map,38.991235617,-6.48168959501,1e-05,0.0,0.0,-0.111051873367,0.993814611194
189,2022/05/19/14:30:02.821985,505,1652938202,821189888,map,39.2298492526,-6.51498594606,1e-05,0.0,0.0,-0.0127352360135,0.999918903594
190,2022/05/19/14:30:03.122056,506,1652938203,121179130,map,39.5126505997,-6.53718351264,1e-05,0.0,0.0,-0.0873378688316,0.996178747348
191,2022/05/19/14:30:03.322364,507,1652938203,321208472,map,39.7866144039,-6.53718351264,1e-05,0.0,0.0,-0.038159861697,0.999271647229
192,2022/05/19/14:30:03.622364,508,1652938203,621140105,map,40.0252280395,-6.53718351264,1e-05,0.0,0.0,-0.140524103785,0.990077257721
193,2022/05/19/14:30:03.822382,509,1652938203,821369202,map,40.3257044697,-6.51498594606,1e-05,0.0,0.0,-0.0216872444045,0.999764804057
194,2022/05/19/14:30:04.122990,510,1652938204,121457866,map,40.5996682739,-6.52608472895,1e-05,0.0,0.0,0.0170225957152,0.99985510512
195,2022/05/19/14:30:04.322117,511,1652938204,321206812,map,40.9178197884,-6.50388716238,1e-05,0.0,0.0,-0.0953193390293,0.995446745741
196,2022/05/19/14:30:04.622329,512,1652938204,621387230,map,41.1652709668,-6.53718351264,1e-05,0.0,0.0,-0.24455504831,0.96963541001
197,2022/05/19/14:30:04.822110,513,1652938204,821280819,map,41.3773719765,-6.58157864737,1e-05,0.0,0.0,-0.262613000265,0.964901244735
198,2022/05/19/14:30:05.123054,514,1652938205,121297661,map,41.5717979018,-6.63707256499,1e-05,0.0,0.0,0.0138885345863,0.999903549652
199,2022/05/19/14:30:05.322078,515,1652938205,321187008,map,41.8192490802,-6.71476404998,1e-05,0.0,0.0,-0.0953569532886,0.995443143258
200,2022/05/19/14:30:05.622238,516,1652938205,621349135,map,42.1462381362,-6.74806040024,1e-05,0.0,0.0,-0.00408999316611,0.999991635943
201,2022/05/19/14:30:05.822819,517,1652938205,821347184,map,42.4202019405,-6.81465310155,1e-05,0.0,0.0,-0.110318916013,0.993896240444
202,2022/05/19/14:30:06.122443,518,1652938206,121352805,map,42.6853282032,-6.78135675129,1e-05,0.0,0.0,-0.186301720456,0.982492579593
203,2022/05/19/14:30:06.322041,519,1652938206,321177380,map,42.9327793803,-6.79245553419,1e-05,0.0,0.0,0.025223964392,0.999681825193
204,2022/05/19/14:30:06.622362,520,1652938206,621284053,map,43.1802305587,-6.82575188523,1e-05,0.0,0.0,-0.0806471517997,0.996742713496
205,2022/05/19/14:30:06.822261,521,1652938206,821337641,map,43.4718694473,-6.80355431787,1e-05,0.0,0.0,-0.0850422602025,0.996377345176
206,2022/05/19/14:30:07.122117,522,1652938207,121150739,map,43.7458332515,-6.81465310155,1e-05,0.0,0.0,-0.0574892763292,0.9983461239
207,2022/05/19/14:30:07.321124,523,1652938207,320922059,map,44.0021219715,-6.83685066892,1e-05,0.0,0.0,-0.0622255290197,0.998062114068
208,2022/05/19/14:30:07.621248,524,1652938207,620969179,map,44.3025984016,-6.88124580286,1e-05,0.0,0.0,-0.0729327980368,0.997336857321
209,2022/05/19/14:30:07.821184,525,1652938207,820971291,map,44.5942372902,-6.9256409368,1e-05,0.0,0.0,-0.11150466185,0.993763910789
210,2022/05/19/14:30:08.121143,526,1652938208,120950004,map,44.8416884686,-6.99223363811,1e-05,0.0,0.0,-0.108964812567,0.994045607416
211,2022/05/19/14:30:08.322606,527,1652938208,321719903,map,45.0803021042,-7.04772755652,1e-05,0.0,0.0,-0.32662559016,0.945153809627
212,2022/05/19/14:30:08.621240,528,1652938208,620930547,map,45.3189157397,-7.09212269047,1e-05,0.0,0.0,-0.0581290023173,0.998309079939
213,2022/05/19/14:30:08.821233,529,1652938208,820927799,map,45.5663669181,-7.13651782441,1e-05,0.0,0.0,-0.122910400388,0.992417771645
214,2022/05/19/14:30:09.121247,530,1652938209,120939794,map,45.8403307224,-7.18091295914,1e-05,0.0,0.0,-0.0898703766326,0.995953470501
215,2022/05/19/14:30:09.321720,531,1652938209,320945544,map,46.1496446953,-7.2142093094,1e-05,0.0,0.0,-0.0551973791186,0.998475462562
216,2022/05/19/14:30:09.621998,532,1652938209,621206709,map,46.4236084983,-7.25860444413,1e-05,0.0,0.0,-0.0983159738547,0.995155248836
217,2022/05/19/14:30:09.822340,533,1652938209,821154795,map,46.6798972195,-7.31409836175,1e-05,0.0,0.0,-0.108013149906,0.994149465346
218,2022/05/19/14:30:10.122092,534,1652938210,121231887,map,46.9273483966,-7.33629592833,1e-05,0.0,0.0,-0.0805920049547,0.99674717393
219,2022/05/19/14:30:10.321898,535,1652938210,321153515,map,47.1924746593,-7.3584934957,1e-05,0.0,0.0,-0.0729583860264,0.997334985804
220,2022/05/19/14:30:10.624088,536,1652938210,621266405,map,47.4576009208,-7.38069106306,1e-05,0.0,0.0,-0.0684204826589,0.997656572951
221,2022/05/19/14:30:10.822284,537,1652938210,821107364,map,47.6873770148,-7.41398741332,1e-05,0.0,0.0,-0.0589383177256,0.99826162638
222,2022/05/19/14:30:11.122165,538,1652938211,121170787,map,47.9436657347,-7.46948133095,1e-05,0.0,0.0,-0.067611480521,0.997711725751
223,2022/05/19/14:30:11.321959,539,1652938211,321279918,map,48.2087919974,-7.51387646568,1e-05,0.0,0.0,-0.158095681227,0.987423797352
224,2022/05/19/14:30:11.622015,540,1652938211,621300052,map,48.4739182589,-7.54717281594,1e-05,0.0,0.0,-0.0921772479535,0.995742614816
225,2022/05/19/14:30:11.822796,541,1652938211,821576874,map,48.7390445216,-7.58046916699,1e-05,0.0,0.0,-0.101354692011,0.994850353776
226,2022/05/19/14:30:12.122214,542,1652938212,121333607,map,48.9864957,-7.62486430093,1e-05,0.0,0.0,-0.0561850092877,0.998420374758
227,2022/05/19/14:30:12.322110,543,1652938212,321326830,map,49.2339468771,-7.66925943487,1e-05,0.0,0.0,-0.0181841067948,0.999834655461
228,2022/05/19/14:30:12.622257,544,1652938212,621377165,map,49.4990731398,-7.70255578592,1e-05,0.0,0.0,-0.0861943818612,0.996278338887
229,2022/05/19/14:30:12.822662,545,1652938212,821316064,map,49.7818744856,-7.72475335328,1e-05,0.0,0.0,-0.127808288767,0.991798891571
230,2022/05/19/14:30:13.121983,546,1652938213,121175586,map,50.0381632055,-7.76914848723,1e-05,0.0,0.0,-0.0639537075822,0.997952866265
231,2022/05/19/14:30:13.321782,547,1652938213,321195191,map,50.3032894683,-7.80244483749,1e-05,0.0,0.0,-0.0778933387121,0.996961698253
232,2022/05/19/14:30:13.622237,548,1652938213,621549075,map,50.5595781882,-7.84683997222,1e-05,0.0,0.0,-0.110205640942,0.993908807036
233,2022/05/19/14:30:13.822045,549,1652938213,821213315,map,50.7716791978,-7.89123510616,1e-05,0.0,0.0,-0.0234341358222,0.999725382932
234,2022/05/19/14:30:14.122079,550,1652938214,121326053,map,51.0456430021,-7.94672902378,1e-05,0.0,0.0,-0.0947850802627,0.995497759194
235,2022/05/19/14:30:14.322182,551,1652938214,321216569,map,51.3284443479,-7.98002537483,1e-05,0.0,0.0,-0.079685352102,0.996820066341
236,2022/05/19/14:30:14.622224,552,1652938214,621219405,map,51.6024081522,-8.01332172509,1e-05,0.0,0.0,-0.0849117470335,0.996388476055
237,2022/05/19/14:30:14.822296,553,1652938214,821284966,map,51.8763719564,-8.04661807614,1e-05,0.0,0.0,-0.0890065112877,0.996031044169
238,2022/05/19/14:30:15.121898,554,1652938215,121242752,map,52.1061480505,-8.10211199377,1e-05,0.0,0.0,-0.0532862689853,0.998579277543
239,2022/05/19/14:30:15.322225,555,1652938215,321291768,map,52.3801118547,-8.14650712771,1e-05,0.0,0.0,-0.0565475477397,0.998399907274
240,2022/05/19/14:30:15.622534,556,1652938215,621367497,map,52.6629132005,-8.17980347876,1e-05,0.0,0.0,-0.0338257938048,0.999427744098
241,2022/05/19/14:30:15.822781,557,1652938215,821369101,map,52.9103643789,-8.2241986127,1e-05,0.0,0.0,-0.0333964237495,0.999442183861
242,2022/05/19/14:30:16.122314,558,1652938216,121350371,map,53.1578155573,-8.30189009769,1e-05,0.0,0.0,-0.0350676434544,0.999384941043
243,2022/05/19/14:30:16.322328,559,1652938216,321344296,map,53.4141042772,-8.33518644874,1e-05,0.0,0.0,-0.0090892877882,0.999958691571
244,2022/05/19/14:30:16.622442,560,1652938216,621743009,map,53.7145807073,-8.35738401531,1e-05,0.0,0.0,-0.0275500266138,0.999620425979
245,2022/05/19/14:30:16.821901,561,1652938216,821220104,map,53.9973820544,-8.39068036636,1e-05,0.0,0.0,-0.112330219201,0.993670932379
246,2022/05/19/14:30:17.122301,562,1652938217,121359253,map,54.3155335689,-8.4350755003,1e-05,0.0,0.0,-0.0396263984755,0.999214565819
247,2022/05/19/14:30:17.321746,563,1652938217,321165650,map,54.5099594942,-8.50166820161,1e-05,0.0,0.0,-0.132699083406,0.991156371751
248,2022/05/19/14:30:17.621511,564,1652938217,621198433,map,54.6690352509,-8.55716211924,1e-05,0.0,0.0,0.0255029527578,0.999674746805
249,2022/05/19/14:30:17.822388,565,1652938217,821360290,map,54.969511681,-8.59045847029,1e-05,0.0,0.0,-0.0858346984953,0.996309391973
250,2022/05/19/14:30:18.122169,566,1652938218,121292610,map,55.3230133642,-8.59045847029,1e-05,0.0,0.0,-0.10005660408,0.994981746556
251,2022/05/19/14:30:18.321453,567,1652938218,321238492,map,55.6500024215,-8.61265603686,1e-05,0.0,0.0,-0.0861712553494,0.996280339438
252,2022/05/19/14:30:18.622119,568,1652938218,621252191,map,55.9504788517,-8.64595238791,1e-05,0.0,0.0,-0.0931909163303,0.995648257726
253,2022/05/19/14:30:18.822093,569,1652938218,821237745,map,56.2244426559,-8.69034752185,1e-05,0.0,0.0,-0.0751831371538,0.997169742766
254,2022/05/19/14:30:19.122107,570,1652938219,121334319,map,56.4895689174,-8.70144630554,1e-05,0.0,0.0,-0.0426078633251,0.999091872644
255,2022/05/19/14:30:19.322455,571,1652938219,321389753,map,56.7281825542,-8.73474265658,1e-05,0.0,0.0,-0.0865896989132,0.996244058473
256,2022/05/19/14:30:19.621770,572,1652938219,621217602,map,56.9667961898,-8.76803900684,1e-05,0.0,0.0,-0.0866372542806,0.996239924
257,2022/05/19/14:30:19.822065,573,1652938219,821341573,map,57.2142473682,-8.81243414157,1e-05,0.0,0.0,-0.0889066396388,0.996039963771
258,2022/05/19/14:30:20.122347,574,1652938220,121372061,map,57.4882111724,-8.82353292447,1e-05,0.0,0.0,-0.0739875228211,0.997259167151
259,2022/05/19/14:30:20.322165,575,1652938220,321183273,map,57.7710125182,-8.84573049183,1e-05,0.0,0.0,-0.0784075061354,0.996921392579
260,2022/05/19/14:30:20.622347,576,1652938220,621329526,map,58.0007886123,-8.87902684288,1e-05,0.0,0.0,-0.0341614010751,0.999416329002
261,2022/05/19/14:30:20.822240,577,1652938220,821199939,map,58.2835899581,-8.90122440946,1e-05,0.0,0.0,-0.0442827562235,0.999019037607
262,2022/05/19/14:30:21.122437,578,1652938221,121206184,map,58.5840663882,-8.93452076051,1e-05,0.0,0.0,-0.0714440867925,0.997444606212
263,2022/05/19/14:30:21.323039,579,1652938221,321294840,map,58.8403551081,-8.97891589445,1e-05,0.0,0.0,-0.0705215697545,0.997510254684
264,2022/05/19/14:30:21.621798,580,1652938221,621159197,map,59.078968745,-9.0122122455,1e-05,0.0,0.0,-0.0444143989335,0.99901319369
265,2022/05/19/14:30:21.822394,581,1652938221,821380088,map,59.3264199221,-9.03440981207,1e-05,0.0,0.0,-0.0165233272664,0.999863480509
266,2022/05/19/14:30:22.122329,582,1652938222,121344780,map,59.5827086432,-9.07880494681,1e-05,0.0,0.0,-0.0583200530037,0.9982979372
267,2022/05/19/14:30:22.322234,583,1652938222,321352762,map,59.8213222788,-9.12320008075,1e-05,0.0,0.0,-0.0783511314335,0.996925824825
268,2022/05/19/14:30:22.623048,584,1652938222,621262663,map,60.0864485403,-9.15649643101,1e-05,0.0,0.0,-0.0695407525856,0.997579111514
269,2022/05/19/14:30:22.822268,585,1652938222,821360935,map,60.3427372602,-9.18979278206,1e-05,0.0,0.0,-0.0445807384201,0.999005784649
270,2022/05/19/14:30:23.124140,586,1652938223,121225712,map,60.5990259814,-9.24528669968,1e-05,0.0,0.0,-0.0224949601317,0.999746956369
271,2022/05/19/14:30:23.321848,587,1652938223,321136411,map,60.8376396169,-9.27858305073,1e-05,0.0,0.0,-0.0416810450456,0.999130967633
272,2022/05/19/14:30:23.621871,588,1652938223,621161767,map,61.0762532525,-9.31187940099,1e-05,0.0,0.0,-0.190714679388,0.981645511917
273,2022/05/19/14:30:23.821877,589,1652938223,821188358,map,61.3237044309,-9.33407696835,1e-05,0.0,0.0,-0.0400372717154,0.999198186985
274,2022/05/19/14:30:24.122134,590,1652938224,121307955,map,61.5711556092,-9.34517575204,1e-05,0.0,0.0,-0.212328358513,0.977198377082
275,2022/05/19/14:30:24.322329,591,1652938224,321939086,map,61.8451194122,-9.34517575204,1e-05,0.0,0.0,0.00402899441138,0.999991883569
276,2022/05/19/14:30:24.622192,592,1652938224,621362366,map,62.1014081334,-9.36737331861,1e-05,0.0,0.0,-0.088279053249,0.996095782923
277,2022/05/19/14:30:24.822388,593,1652938224,821727056,map,62.3311842262,-9.38957088598,1e-05,0.0,0.0,-0.015841429176,0.999874516688
278,2022/05/19/14:30:25.121485,594,1652938225,121055304,map,62.5963104889,-9.36737331861,1e-05,0.0,0.0,-0.0486375285464,0.998816495066
279,2022/05/19/14:30:25.321884,595,1652938225,320978292,map,62.8614367516,-9.3784721023,1e-05,0.0,0.0,-0.0515132721534,0.998672310016
280,2022/05/19/14:30:25.621151,596,1652938225,620960329,map,63.1265630131,-9.40066966966,1e-05,0.0,0.0,-0.0372375876859,0.999306440519
281,2022/05/19/14:30:25.821232,597,1652938225,820984221,map,63.4005268173,-9.41176845334,1e-05,0.0,0.0,-0.0199688172231,0.99980060329
282,2022/05/19/14:30:26.121198,598,1652938226,120967209,map,63.6391404529,-9.4450648036,1e-05,0.0,0.0,-0.0755701941097,0.997140484467
283,2022/05/19/14:30:26.321200,599,1652938226,320955525,map,63.8865916313,-9.46726237097,1e-05,0.0,0.0,-0.00509441951738,0.999987023361
284,2022/05/19/14:30:26.621316,600,1652938226,620979775,map,64.1163677253,-9.50055872123,1e-05,0.0,0.0,-0.066711966334,0.997772275395
285,2022/05/19/14:30:26.821234,601,1652938226,820957884,map,64.3903315295,-9.5227562886,1e-05,0.0,0.0,-0.0374000518557,0.999300373322
286,2022/05/19/14:30:27.121221,602,1652938227,120941820,map,64.6731328753,-9.55605263885,1e-05,0.0,0.0,-0.0324737327125,0.999472589261
287,2022/05/19/14:30:27.321871,603,1652938227,321016711,map,64.9294215953,-9.60044777359,1e-05,0.0,0.0,-0.0981882259942,0.995167861356
288,2022/05/19/14:30:27.621814,604,1652938227,620958179,map,65.2122229423,-9.63374412385,1e-05,0.0,0.0,-0.0673281625195,0.997730884824
289,2022/05/19/14:30:27.821822,605,1652938227,820933349,map,65.4861867466,-9.66704047489,1e-05,0.0,0.0,-0.0934257684896,0.995626248038
290,2022/05/19/14:30:28.122231,606,1652938228,121291328,map,65.7336379237,-9.75583074357,1e-05,0.0,0.0,-0.0847306260786,0.996403894515
291,2022/05/19/14:30:28.322063,607,1652938228,321196139,map,65.9899266436,-9.81132466119,1e-05,0.0,0.0,-0.0599792197723,0.998199625924
292,2022/05/19/14:30:28.622339,608,1652938228,621308684,map,66.2550529063,-9.86681857882,1e-05,0.0,0.0,-0.113519162885,0.993535806933
293,2022/05/19/14:30:28.821950,609,1652938228,821168613,map,66.5201791678,-9.91121371276,1e-05,0.0,0.0,-0.0965291813738,0.995330154845
294,2022/05/19/14:30:29.121796,610,1652938229,121183827,map,66.776467889,-9.95560884749,1e-05,0.0,0.0,-0.0914034207967,0.995813945808
295,2022/05/19/14:30:29.321899,611,1652938229,321124302,map,67.0415941504,-10.0000039814,1e-05,0.0,0.0,-0.0826551450629,0.996578209171
296,2022/05/19/14:30:29.622249,612,1652938229,621337825,map,67.2978828703,-10.0443991154,1e-05,0.0,0.0,-0.189496894491,0.98188132021
297,2022/05/19/14:30:29.821819,613,1652938229,821189298,map,67.5630091331,-10.0887942501,1e-05,0.0,0.0,-0.053648255343,0.998559895399
298,2022/05/19/14:30:30.121946,614,1652938230,121144864,map,67.8458104789,-10.0665966827,1e-05,0.0,0.0,-0.0819595560824,0.996635656179
299,2022/05/19/14:30:30.322006,615,1652938230,321336917,map,68.1197742831,-10.0776954664,1e-05,0.0,0.0,-0.0818783231514,0.996642333136
300,2022/05/19/14:30:30.621726,616,1652938230,621148069,map,68.3937380874,-10.099893033,1e-05,0.0,0.0,-0.0718177593543,0.997417770767
301,2022/05/19/14:30:30.821898,617,1652938230,821180116,map,68.6500268073,-10.1442881677,1e-05,0.0,0.0,-0.0808111121751,0.996729433773
302,2022/05/19/14:30:31.122180,618,1652938231,121335044,map,68.9063155272,-10.1220906004,1e-05,0.0,0.0,-0.0559868777138,0.998431504673
303,2022/05/19/14:30:31.321944,619,1652938231,321237239,map,69.1891168743,-10.1442881677,1e-05,0.0,0.0,-0.0811948665766,0.996698246031
304,2022/05/19/14:30:31.622092,620,1652938231,621315761,map,69.4542431357,-10.1664857343,1e-05,0.0,0.0,-0.139935000065,0.990160691886
305,2022/05/19/14:30:31.821806,621,1652938231,821153988,map,69.7370444828,-10.1997820854,1e-05,0.0,0.0,-0.0947708329878,0.995499115627
306,2022/05/19/14:30:32.122192,622,1652938232,121261458,map,70.0110082871,-10.177584518,1e-05,0.0,0.0,-0.0567109969108,0.998390636389
307,2022/05/19/14:30:32.321831,623,1652938232,321211345,map,70.2761345485,-10.1997820854,1e-05,0.0,0.0,-0.0640213746686,0.997948527523
308,2022/05/19/14:30:32.621904,624,1652938232,621209359,map,70.5500983528,-10.2219796527,1e-05,0.0,0.0,0.0647150976733,0.997903781
309,2022/05/19/14:30:32.821766,625,1652938232,821177478,map,70.8328996986,-10.2441772193,1e-05,0.0,0.0,-0.0286570005602,0.999589303824
310,2022/05/19/14:30:33.122204,626,1652938233,121360561,map,71.1068635029,-10.2330784356,1e-05,0.0,0.0,0.00169707008357,0.999998559976
311,2022/05/19/14:30:33.322377,627,1652938233,321347921,map,71.3719897656,-10.2441772193,1e-05,0.0,0.0,-0.131355180038,0.991335370436
312,2022/05/19/14:30:33.622141,628,1652938233,621325212,map,71.637116027,-10.255276003,1e-05,0.0,0.0,-0.00720151531084,0.999974068752
313,2022/05/19/14:30:33.821781,629,1652938233,821157000,map,71.9199173741,-10.2774735703,1e-05,0.0,0.0,-0.0409113139135,0.99916278173
314,2022/05/19/14:30:34.122096,630,1652938234,121194464,map,72.176206094,-10.2441772193,1e-05,0.0,0.0,-0.0323374940881,0.999477006477
315,2022/05/19/14:30:34.322486,631,1652938234,321373469,map,72.4413323555,-10.2330784356,1e-05,0.0,0.0,0.00295562351853,0.999995632135
316,2022/05/19/14:30:34.622385,632,1652938234,621365943,map,72.6799459923,-10.2441772193,1e-05,0.0,0.0,-0.0881830868055,0.996104283296
317,2022/05/19/14:30:34.821765,633,1652938234,821189900,map,72.9450722538,-10.255276003,1e-05,0.0,0.0,0.0230871710044,0.999733455745
318,2022/05/19/14:30:35.122277,634,1652938235,121257776,map,73.2013609737,-10.2330784356,1e-05,0.0,0.0,-0.108365198597,0.994111152605
319,2022/05/19/14:30:35.322042,635,1652938235,321246099,map,73.4753247779,-10.2219796527,1e-05,0.0,0.0,-0.00632162771125,0.999980018312
320,2022/05/19/14:30:35.622319,636,1652938235,621332135,map,73.7316134979,-10.2330784356,1e-05,0.0,0.0,-0.037954236448,0.999279478392
321,2022/05/19/14:30:35.822134,637,1652938235,821330566,map,73.987902219,-10.2441772193,1e-05,0.0,0.0,0.0276338577551,0.999618112034
322,2022/05/19/14:30:36.122361,638,1652938236,121245865,map,74.2441909389,-10.2219796527,1e-05,0.0,0.0,-0.0668915949054,0.997760249023
323,2022/05/19/14:30:36.322006,639,1652938236,321251706,map,74.4474544058,-10.2330784356,1e-05,0.0,0.0,-0.0881135453929,0.99611043721
324,2022/05/19/14:30:36.622190,640,1652938236,621330412,map,74.6949055842,-10.2663747867,1e-05,0.0,0.0,-0.0512315122178,0.998686803836
325,2022/05/19/14:30:36.821934,641,1652938236,821205914,map,74.9246816782,-10.2996711369,1e-05,0.0,0.0,-0.087724887926,0.996144740506
326,2022/05/19/14:30:37.122488,642,1652938237,121506418,map,75.1721328553,-10.2663747867,1e-05,0.0,0.0,-0.0684358055558,0.99765552197
327,2022/05/19/14:30:37.322071,643,1652938237,321120618,map,75.4107464921,-10.2774735703,1e-05,0.0,0.0,-0.0640405338931,0.997947298217
328,2022/05/19/14:30:37.622006,644,1652938237,621249629,map,75.6581976693,-10.2996711369,1e-05,0.0,0.0,-0.105087450861,0.994462984566
329,2022/05/19/14:30:37.821700,645,1652938237,821089961,map,75.9321614735,-10.332967488,1e-05,0.0,0.0,-0.0728549893657,0.997342544227
330,2022/05/19/14:30:38.122261,646,1652938238,121356973,map,76.1972877362,-10.3107699206,1e-05,0.0,0.0,-0.0573167736452,0.998356042431
331,2022/05/19/14:30:38.323006,647,1652938238,321321710,map,76.4624139977,-10.332967488,1e-05,0.0,0.0,-0.0772800517034,0.997009425035
332,2022/05/19/14:30:38.622174,648,1652938238,621301896,map,76.7275402604,-10.3662638382,1e-05,0.0,0.0,-0.0960714245589,0.995374442802
333,2022/05/19/14:30:38.821904,649,1652938238,821142365,map,76.9838289803,-10.4217577566,1e-05,0.0,0.0,-0.109040368753,0.994037322228
334,2022/05/19/14:30:39.122052,650,1652938239,121300529,map,77.2312801587,-10.4661528906,1e-05,0.0,0.0,-0.0522220549477,0.998635497555
335,2022/05/19/14:30:39.321973,651,1652938239,321319381,map,77.4875688786,-10.488350458,1e-05,0.0,0.0,-0.0804466561738,0.996758915441
336,2022/05/19/14:30:39.621963,652,1652938239,621236354,map,77.735020057,-10.5216468082,1e-05,0.0,0.0,-0.0778869006127,0.996962201246
337,2022/05/19/14:30:39.822496,653,1652938239,821205378,map,77.9824712341,-10.5549431593,1e-05,0.0,0.0,-0.0705008520317,0.997511719161
338,2022/05/19/14:30:40.122538,654,1652938240,121253450,map,78.2299224125,-10.5549431593,1e-05,0.0,0.0,-0.0969433164401,0.995289904198
339,2022/05/19/14:30:40.324274,655,1652938240,321279525,map,78.5127237583,-10.5771407258,1e-05,0.0,0.0,-0.077187738552,0.9970165761
340,2022/05/19/14:30:40.622222,656,1652938240,621143519,map,78.7601749366,-10.6104370769,1e-05,0.0,0.0,-0.106662868522,0.994295244119
341,2022/05/19/14:30:40.822007,657,1652938240,821207894,map,79.007626115,-10.6437334271,1e-05,0.0,0.0,-0.0579051923991,0.99832208665
342,2022/05/19/14:30:41.122742,658,1652938241,121289273,map,79.2727523765,-10.6548322108,1e-05,0.0,0.0,-0.0855163906853,0.996336763812
343,2022/05/19/14:30:41.322577,659,1652938241,321441419,map,79.5555537235,-10.6881285619,1e-05,0.0,0.0,-0.0717006015108,0.997426199647
344,2022/05/19/14:30:41.622421,660,1652938241,621348701,map,79.820679985,-10.7214249121,1e-05,0.0,0.0,-0.0849819165201,0.996382493757
345,2022/05/19/14:30:41.822483,661,1652938241,821378116,map,80.0592936218,-10.7658200469,1e-05,0.0,0.0,-0.0532169034418,0.998582976616
346,2022/05/19/14:30:42.122494,662,1652938242,121489279,map,80.2890697146,-10.8102151808,1e-05,0.0,0.0,-0.06264481016,0.998035885006
347,2022/05/19/14:30:42.324020,663,1652938242,321271773,map,80.6072212291,-10.8546103148,1e-05,0.0,0.0,-0.0678221806024,0.997697424983
348,2022/05/19/14:30:42.622761,664,1652938242,621289245,map,80.8811850333,-10.9101042324,1e-05,0.0,0.0,-0.105669054309,0.994401353057
349,2022/05/19/14:30:42.821372,665,1652938242,820993791,map,81.1816614648,-10.9544993671,1e-05,0.0,0.0,-0.0742189263642,0.997241972126
350,2022/05/19/14:30:43.121122,666,1652938243,120955942,map,81.4644628106,-10.9434005834,1e-05,0.0,0.0,-0.0824585961043,0.996594491219
351,2022/05/19/14:30:43.321282,667,1652938243,320969787,map,81.7030764461,-10.9766969337,1e-05,0.0,0.0,-0.134762730991,0.990877896784
352,2022/05/19/14:30:43.621235,668,1652938243,620946175,map,81.9770402504,-11.0210920684,1e-05,0.0,0.0,-0.102748613764,0.99470735514
353,2022/05/19/14:30:43.821491,669,1652938243,821069780,map,82.2244914288,-11.076585986,1e-05,0.0,0.0,-0.114935330042,0.993372976232
354,2022/05/19/14:30:44.121217,670,1652938244,120980489,map,82.4542675228,-11.0654872024,1e-05,0.0,0.0,-0.115407247319,0.993318260814
355,2022/05/19/14:30:44.321793,671,1652938244,320943776,map,82.7105562427,-11.0876847697,1e-05,0.0,0.0,-0.0780101809506,0.996952562396
356,2022/05/19/14:30:44.621672,672,1652938244,621156961,map,82.9580074211,-11.12098112,1e-05,0.0,0.0,-0.098249972443,0.995161767209
357,2022/05/19/14:30:44.821260,673,1652938244,820939355,map,83.1966210566,-11.1764750376,1e-05,0.0,0.0,-0.131196431897,0.99135639215
358,2022/05/19/14:30:45.121196,674,1652938245,120946446,map,83.4529097765,-11.198672605,1e-05,0.0,0.0,-0.173986086227,0.984748110838
359,2022/05/19/14:30:45.321780,675,1652938245,320937756,map,83.7268735808,-11.231968956,1e-05,0.0,0.0,-0.0429112728587,0.999078887106
360,2022/05/19/14:30:45.621779,676,1652938245,620935905,map,83.9919998423,-11.2652653063,1e-05,0.0,0.0,-0.0465217090897,0.998917279149
361,2022/05/19/14:30:45.821214,677,1652938245,820986667,map,84.2041008519,-11.3207592239,1e-05,0.0,0.0,-0.123630400185,0.992328334852
362,2022/05/19/14:30:46.121138,678,1652938246,120951491,map,84.433876946,-11.27636409,1e-05,0.0,0.0,-0.0945966497969,0.995515682371
363,2022/05/19/14:30:46.321188,679,1652938246,320971810,map,84.6813281243,-11.2652653063,1e-05,0.0,0.0,-0.129955312408,0.991519851933
364,2022/05/19/14:30:46.621200,680,1652938246,620984237,map,84.9199417599,-11.2985616573,1e-05,0.0,0.0,-0.0384508561582,0.999260492395
365,2022/05/19/14:30:46.821118,681,1652938246,820930755,map,85.1585553967,-11.3318580076,1e-05,0.0,0.0,0.0311535362287,0.999514610789
366,2022/05/19/14:30:47.121117,682,1652938247,120919321,map,85.4060065738,-11.2985616573,1e-05,0.0,0.0,-0.176313933742,0.984333986393
367,2022/05/19/14:30:47.321181,683,1652938247,320933081,map,85.6446202106,-11.309660441,1e-05,0.0,0.0,-0.0773335599658,0.997005276066
368,2022/05/19/14:30:47.621125,684,1652938247,620938259,map,85.8832338462,-11.3207592239,1e-05,0.0,0.0,-0.0750770599873,0.997177734942
369,2022/05/19/14:30:47.821289,685,1652938247,820984351,map,86.1041723974,-11.3429567913,1e-05,0.0,0.0,-0.0420610187669,0.999115043776
370,2022/05/19/14:30:48.121249,686,1652938248,120979245,map,86.3339484914,-11.3762531423,1e-05,0.0,0.0,-0.16709114611,0.985941453075
371,2022/05/19/14:30:48.321798,687,1652938248,320972620,map,86.5548870439,-11.3984507089,1e-05,0.0,0.0,-0.0869489239634,0.996212770758
372,2022/05/19/14:30:48.622712,688,1652938248,621099295,map,86.7846631367,-11.4206482763,1e-05,0.0,0.0,-0.0570017340279,0.99837407935
373,2022/05/19/14:30:48.821967,689,1652938248,821192652,map,87.0056016892,-11.4650434102,1e-05,0.0,0.0,-0.118545384128,0.992948635077
374,2022/05/19/14:30:49.121735,690,1652938249,121112880,map,87.2353777832,-11.4539446265,1e-05,0.0,0.0,-0.0579847328091,0.998317469927
375,2022/05/19/14:30:49.321170,691,1652938249,320956985,map,87.4563163344,-11.4761421939,1e-05,0.0,0.0,-0.0975593633887,0.995229707462
376,2022/05/19/14:30:49.621805,692,1652938249,621215241,map,87.6684173441,-11.5094385449,1e-05,0.0,0.0,-0.102046859931,0.994779592864
377,2022/05/19/14:30:49.822150,693,1652938249,821397961,map,87.8893558965,-11.5427348952,1e-05,0.0,0.0,-0.160096715892,0.987101332975
378,2022/05/19/14:30:50.122132,694,1652938250,121235222,map,88.0749442791,-11.5427348952,1e-05,0.0,0.0,-0.0681712221345,0.997673636252
379,2022/05/19/14:30:50.322012,695,1652938250,321219666,map,88.2693702056,-11.5760312462,1e-05,0.0,0.0,-0.159947173554,0.987125575432
380,2022/05/19/14:30:50.622421,696,1652938250,621273592,map,88.463796131,-11.6204263802,1e-05,0.0,0.0,-0.0793803650797,0.996844399914
381,2022/05/19/14:30:50.821968,697,1652938250,821190570,map,88.6051968032,-11.6648215141,1e-05,0.0,0.0,-0.159227923616,0.987241848962
382,2022/05/19/14:30:51.121953,698,1652938251,121192549,map,88.7289223924,-11.6870190815,1e-05,0.0,0.0,-0.102341318015,0.994749342612
383,2022/05/19/14:30:51.321897,699,1652938251,321159999,map,88.7996227298,-11.6981178652,1e-05,0.0,0.0,-0.029612249877,0.99956146117
384,2022/05/19/14:30:51.621875,700,1652938251,621178967,map,88.8614855244,-11.7092166489,1e-05,0.0,0.0,-0.389540564394,0.921009309775
385,2022/05/19/14:30:51.822423,701,1652938251,821230007,map,88.8879981503,-11.6981178652,1e-05,0.0,0.0,-0.0987364621557,0.995113617152
386,2022/05/19/14:30:52.122072,702,1652938252,121237122,map,88.8791606075,-11.7425129991,1e-05,0.0,0.0,-0.0987364621557,0.995113617152
387,2022/05/19/14:30:52.322199,703,1652938252,321328408,map,88.8791606075,-11.7647105665,1e-05,0.0,0.0,-0.0987364621557,0.995113617152
0,2022/05/19/14:31:15.122131,794,1652938275,121342280,map,89.1089367015,-11.9644886704,1e-05,0.0,0.0,0.49649574646,0.868039154501
1,2022/05/19/14:31:15.322402,795,1652938275,321369308,map,89.10009916,-11.9644886704,1e-05,0.0,0.0,-0.658137668559,0.752897608725
2,2022/05/19/14:31:15.622380,796,1652938275,621360168,map,89.10009916,-11.9644886704,1e-05,0.0,0.0,0.49649574646,0.868039154501
3,2022/05/19/14:31:15.822454,797,1652938275,821343296,map,89.1089367015,-11.9644886704,1e-05,0.0,0.0,0.49649574646,0.868039154501
4,2022/05/19/14:31:16.122233,798,1652938276,121226591,map,89.1442868702,-11.9644886704,1e-05,0.0,0.0,0.49649574646,0.868039154501
5,2022/05/19/14:31:16.322639,799,1652938276,321214246,map,89.1619619546,-11.9644886704,1e-05,0.0,0.0,0.190689665224,0.981650371353
6,2022/05/19/14:31:16.622147,800,1652938276,621225980,map,89.197312122,-11.9644886704,1e-05,0.0,0.0,0.0493398773864,0.998782046544
7,2022/05/19/14:31:16.822120,801,1652938276,821330845,map,89.2856875438,-11.9200935357,1e-05,0.0,0.0,-0.247712653797,0.968833546668
8,2022/05/19/14:31:17.122265,802,1652938277,121309876,map,89.4182506745,-11.8867971854,1e-05,0.0,0.0,0.204401659256,0.978887103651
9,2022/05/19/14:31:17.322001,803,1652938277,321280940,map,89.5419762637,-11.8535008344,1e-05,0.0,0.0,-0.173188547968,0.984888687544
10,2022/05/19/14:31:17.622340,804,1652938277,621417202,map,89.6833769359,-11.8091057004,1e-05,0.0,0.0,0.120191071803,0.992750777516
11,2022/05/19/14:31:17.821174,805,1652938277,820939614,map,89.8071025251,-11.7758093502,1e-05,0.0,0.0,0.225899540361,0.974150603174
12,2022/05/19/14:31:18.121804,806,1652938278,120938405,map,89.966178283,-11.7536117828,1e-05,0.0,0.0,0.034055521233,0.999419942503
13,2022/05/19/14:31:18.321151,807,1652938278,320933403,map,90.1340915824,-11.7314142154,1e-05,0.0,0.0,0.116891050611,0.993144743875
14,2022/05/19/14:31:18.621273,808,1652938278,620941696,map,90.3285175078,-11.7314142154,1e-05,0.0,0.0,0.126239136938,0.991999838863
15,2022/05/19/14:31:18.821191,809,1652938278,820940206,map,90.5052683487,-11.6981178652,1e-05,0.0,0.0,0.0805118067367,0.99675365511
16,2022/05/19/14:31:19.121866,810,1652938279,120945233,map,90.6731816482,-11.6759202978,1e-05,0.0,0.0,-0.0706455272581,0.997501483447
17,2022/05/19/14:31:19.321205,811,1652938279,320938444,map,90.8852826578,-11.6537227304,1e-05,0.0,0.0,0.0956076536238,0.995419095943
18,2022/05/19/14:31:19.621776,812,1652938279,620938899,map,91.0708710416,-11.6315251639,1e-05,0.0,0.0,0.0201885971259,0.999796189504
19,2022/05/19/14:31:19.821708,813,1652938279,820922261,map,91.2918095928,-11.6093275965,1e-05,0.0,0.0,-0.00380323780423,0.999992767665
20,2022/05/19/14:31:20.121275,814,1652938280,120938409,map,91.4862355194,-11.5982288128,1e-05,0.0,0.0,0.0235996345186,0.999721489841
21,2022/05/19/14:31:20.321413,815,1652938280,321031708,map,91.6894989863,-11.5982288128,1e-05,0.0,0.0,0.0153100408951,0.999882794455
22,2022/05/19/14:31:20.621673,816,1652938280,621125277,map,91.9015999959,-11.5871300291,1e-05,0.0,0.0,0.094989752384,0.995478250361
23,2022/05/19/14:31:20.821701,817,1652938280,821120303,map,92.0960259225,-11.5649324626,1e-05,0.0,0.0,0.0836381023599,0.996496195594
24,2022/05/19/14:31:21.121885,818,1652938281,121121781,map,92.281614305,-11.5427348952,1e-05,0.0,0.0,-0.0619423730339,0.998079727488
25,2022/05/19/14:31:21.321715,819,1652938281,321143411,map,92.4583651473,-11.5316361115,1e-05,0.0,0.0,0.00193487080149,0.999998128136
26,2022/05/19/14:31:21.621592,820,1652938281,621129970,map,92.6439535298,-11.5205373278,1e-05,0.0,0.0,0.0339839169385,0.999422379872
27,2022/05/19/14:31:21.821736,821,1652938281,821089435,map,92.8560545395,-11.4983397613,1e-05,0.0,0.0,0.0542104791851,0.998529530833
28,2022/05/19/14:31:22.121425,822,1652938282,121104037,map,93.0858306335,-11.4983397613,1e-05,0.0,0.0,0.0223756096593,0.999749634705
29,2022/05/19/14:31:22.321837,823,1652938282,321174002,map,93.2714190173,-11.4761421939,1e-05,0.0,0.0,0.0801310755571,0.996784335115
30,2022/05/19/14:31:22.622155,824,1652938282,621177223,map,93.457007401,-11.4539446265,1e-05,0.0,0.0,0.0361060670101,0.999347963387
31,2022/05/19/14:31:22.821954,825,1652938282,821253839,map,93.6691084107,-11.4317470599,1e-05,0.0,0.0,0.0665081292579,0.997785883215
32,2022/05/19/14:31:23.122186,826,1652938283,121156149,map,93.9695848409,-11.3984507089,1e-05,0.0,0.0,0.062210461171,0.998063053379
33,2022/05/19/14:31:23.321442,827,1652938283,321171228,map,94.1816858505,-11.3651543586,1e-05,0.0,0.0,0.0997032056295,0.995017221352
34,2022/05/19/14:31:23.621740,828,1652938283,621098186,map,94.34959915,-11.3318580076,1e-05,0.0,0.0,0.100117297042,0.994975641327
35,2022/05/19/14:31:23.822104,829,1652938283,821226811,map,94.5351875337,-11.2985616573,1e-05,0.0,0.0,0.0500046370717,0.998748985617
36,2022/05/19/14:31:24.121859,830,1652938284,121192941,map,94.7384510006,-11.2874628736,1e-05,0.0,0.0,0.178885069543,0.983869977128
37,2022/05/19/14:31:24.321876,831,1652938284,321165928,map,94.9152018428,-11.27636409,1e-05,0.0,0.0,0.0171039162173,0.999853717326
38,2022/05/19/14:31:24.622169,832,1652938284,621149797,map,95.1361403941,-11.2652653063,1e-05,0.0,0.0,0.000394880733001,0.999999922035
39,2022/05/19/14:31:24.821712,833,1652938284,821177473,map,95.3659164881,-11.2541665226,1e-05,0.0,0.0,0.0304047086196,0.999537669972
40,2022/05/19/14:31:25.122012,834,1652938285,121247514,map,95.5868550405,-11.2208701723,1e-05,0.0,0.0,0.11758774768,0.993062496319
41,2022/05/19/14:31:25.322192,835,1652938285,321249010,map,95.7459307972,-11.1875738213,1e-05,0.0,0.0,0.0805390324375,0.996751455607
42,2022/05/19/14:31:25.621804,836,1652938285,621161186,map,95.9491942653,-11.154277471,1e-05,0.0,0.0,0.0118563546756,0.999929710957
43,2022/05/19/14:31:25.821815,837,1652938285,821136768,map,96.1347826478,-11.12098112,1e-05,0.0,0.0,0.110159064177,0.993913970412
44,2022/05/19/14:31:26.121836,838,1652938286,121279367,map,96.3645587418,-11.0876847697,1e-05,0.0,0.0,0.0530154281972,0.998593693337
45,2022/05/19/14:31:26.321830,839,1652938286,321219745,map,96.5766597515,-11.076585986,1e-05,0.0,0.0,0.0432713485757,0.999063356546
46,2022/05/19/14:31:26.621895,840,1652938286,621187070,map,96.8152733883,-11.0654872024,1e-05,0.0,0.0,0.05648760438,0.998403300551
47,2022/05/19/14:31:26.821830,841,1652938286,821146329,map,97.0185368552,-11.043289635,1e-05,0.0,0.0,0.056980998367,0.998375263027
48,2022/05/19/14:31:27.121988,842,1652938287,121218219,map,97.2306378649,-11.0210920684,1e-05,0.0,0.0,0.0743609516827,0.997231391837
49,2022/05/19/14:31:27.321878,843,1652938287,321226616,map,97.4250637902,-11.0099932847,1e-05,0.0,0.0,-0.0376573065691,0.999290712086
50,2022/05/19/14:31:27.621748,844,1652938287,621147177,map,97.6901900529,-10.998894501,1e-05,0.0,0.0,0.0945870066528,0.995516598642
51,2022/05/19/14:31:27.821683,845,1652938287,821133675,map,97.9376412313,-10.998894501,1e-05,0.0,0.0,0.00089404479023,0.999999600342
52,2022/05/19/14:31:28.121669,846,1652938288,121084850,map,98.1497422409,-10.9877957174,1e-05,0.0,0.0,0.0667857161839,0.997767341675
53,2022/05/19/14:31:28.322170,847,1652938288,321298327,map,98.3618432506,-10.9877957174,1e-05,0.0,0.0,0.00821779028613,0.999966233391
54,2022/05/19/14:31:28.622255,848,1652938288,621395852,map,98.6004568862,-10.9655981508,1e-05,0.0,0.0,0.0392234536736,0.999230464248
55,2022/05/19/14:31:28.823128,849,1652938288,821308814,map,98.8567456061,-10.9434005834,1e-05,0.0,0.0,0.0251877603163,0.999682738038
56,2022/05/19/14:31:29.122036,850,1652938289,121237672,map,99.0953592417,-10.9323017997,1e-05,0.0,0.0,0.023933508935,0.999713552549
57,2022/05/19/14:31:29.321702,851,1652938289,321156689,map,99.3162977941,-10.9212030161,1e-05,0.0,0.0,-0.0654774079634,0.997854051977
58,2022/05/19/14:31:29.622016,852,1652938289,621184747,map,99.5283988038,-10.8879066658,1e-05,0.0,0.0,-0.0141250907574,0.999900235929
59,2022/05/19/14:31:29.821856,853,1652938289,820954725,map,99.7670124394,-10.8768078821,1e-05,0.0,0.0,0.0155258252048,0.999879467112
60,2022/05/19/14:31:30.124363,854,1652938290,121228787,map,99.9614383647,-10.8546103148,1e-05,0.0,0.0,0.0449802794134,0.998987875033
61,2022/05/19/14:31:30.322118,855,1652938290,321580329,map,100.164701833,-10.8435115311,1e-05,0.0,0.0,-0.194288281753,0.980944475276
62,2022/05/19/14:31:30.621343,856,1652938290,620996085,map,100.394477927,-10.7436224795,1e-05,0.0,0.0,0.0329782987829,0.999456067974
63,2022/05/19/14:31:30.821213,857,1652938290,820973673,map,100.615416478,-10.6881285619,1e-05,0.0,0.0,-0.0609731946665,0.998139403857
64,2022/05/19/14:31:31.121177,858,1652938291,120978598,map,100.809842403,-10.6659309945,1e-05,0.0,0.0,-0.00760127202344,0.999971109914
65,2022/05/19/14:31:31.321297,859,1652938291,321010529,map,101.074968666,-10.6548322108,1e-05,0.0,0.0,-0.014582843452,0.999893664685
66,2022/05/19/14:31:31.621696,860,1652938291,620936446,map,101.340094928,-10.5549431593,1e-05,0.0,0.0,0.0251318402214,0.999684145421
67,2022/05/19/14:31:31.821254,861,1652938291,820936811,map,101.51684577,-10.5105480245,1e-05,0.0,0.0,-0.0306105616088,0.99953138696
68,2022/05/19/14:31:32.122185,862,1652938292,121313279,map,101.755459405,-10.488350458,1e-05,0.0,0.0,0.0507476390713,0.998711508459
69,2022/05/19/14:31:32.322022,863,1652938292,321249925,map,102.047098294,-10.488350458,1e-05,0.0,0.0,-0.0243597685461,0.99970325681
70,2022/05/19/14:31:32.622323,864,1652938292,621273474,map,102.259199304,-10.488350458,1e-05,0.0,0.0,0.0164578863193,0.999864559817
71,2022/05/19/14:31:32.822374,865,1652938292,821201168,map,102.497812939,-10.4772516743,1e-05,0.0,0.0,-0.0188906691632,0.999821555388
72,2022/05/19/14:31:33.121731,866,1652938293,121132553,map,102.648051154,-10.4772516743,1e-05,0.0,0.0,0.023660529501,0.999720050486
73,2022/05/19/14:31:33.321818,867,1652938293,321095527,map,102.904339874,-10.4661528906,1e-05,0.0,0.0,0.0303708648689,0.999538698884
74,2022/05/19/14:31:33.622387,868,1652938293,621118221,map,103.107603342,-10.4439553232,1e-05,0.0,0.0,0.0626467262513,0.998035764735
75,2022/05/19/14:31:33.822378,869,1652938293,821385936,map,103.390404688,-10.4217577566,1e-05,0.0,0.0,-0.0104405444305,0.999945496031
76,2022/05/19/14:31:34.122463,870,1652938294,121273665,map,103.629018325,-10.410658973,1e-05,0.0,0.0,0.0641652424501,0.997939287563
77,2022/05/19/14:31:34.322450,871,1652938294,321812012,map,103.876469502,-10.3884614056,1e-05,0.0,0.0,0.0033731041824,0.999994311068
78,2022/05/19/14:31:34.621836,872,1652938294,621199407,map,104.115083139,-10.3884614056,1e-05,0.0,0.0,-0.00727822052109,0.999973513402
79,2022/05/19/14:31:34.821777,873,1652938294,821243694,map,104.33602169,-10.3773626219,1e-05,0.0,0.0,0.0561857934452,0.99842033063
80,2022/05/19/14:31:35.122386,874,1652938295,121369058,map,104.556960243,-10.3662638382,1e-05,0.0,0.0,0.000591928381247,0.99999982481
81,2022/05/19/14:31:35.322120,875,1652938295,321247903,map,104.777898794,-10.3551650553,1e-05,0.0,0.0,-0.0168121391303,0.999858666001
82,2022/05/19/14:31:35.624299,876,1652938295,621289515,map,105.043025057,-10.3440662717,1e-05,0.0,0.0,0.0259875572706,0.999662266402
83,2022/05/19/14:31:35.822161,877,1652938295,821323285,map,105.281638692,-10.3440662717,1e-05,0.0,0.0,0.0669477555992,0.997756482324
84,2022/05/19/14:31:36.122187,878,1652938296,121309562,map,105.520252328,-10.3440662717,1e-05,0.0,0.0,0.0841589854903,0.996452339634
85,2022/05/19/14:31:36.323928,879,1652938296,321298054,map,105.750028422,-10.3551650553,1e-05,0.0,0.0,-0.0286262953675,0.999590183632
86,2022/05/19/14:31:36.621997,880,1652938296,621239165,map,105.935616805,-10.3995601893,1e-05,0.0,0.0,-0.0298363383584,0.999554797354
87,2022/05/19/14:31:36.822121,881,1652938296,821261814,map,106.183067983,-10.4328565395,1e-05,0.0,0.0,-0.036688707922,0.999326742718
88,2022/05/19/14:31:37.122054,882,1652938297,121229861,map,106.386331451,-10.488350458,1e-05,0.0,0.0,-0.13210786849,0.991235345961
89,2022/05/19/14:31:37.321999,883,1652938297,321235035,map,106.651457713,-10.5216468082,1e-05,0.0,0.0,-0.0787483589396,0.996894525998
90,2022/05/19/14:31:37.622014,884,1652938297,621229067,map,106.863558723,-10.5882395095,1e-05,0.0,0.0,-0.234289585816,0.972166852952
91,2022/05/19/14:31:37.821756,885,1652938297,821161871,map,107.093334816,-10.6215358606,1e-05,0.0,0.0,-0.0469445761708,0.998897495626
92,2022/05/19/14:31:38.122278,886,1652938298,121155090,map,107.340785994,-10.6437334271,1e-05,0.0,0.0,-0.0573659109479,0.998353220189
93,2022/05/19/14:31:38.322055,887,1652938298,321189875,map,107.588237173,-10.6548322108,1e-05,0.0,0.0,-0.0197468551192,0.999805011846
94,2022/05/19/14:31:38.621848,888,1652938298,621173607,map,107.809175724,-10.6881285619,1e-05,0.0,0.0,-0.0265467422801,0.999647573135
95,2022/05/19/14:31:38.822100,889,1652938298,821345835,map,108.038951818,-10.6770297782,1e-05,0.0,0.0,0.0421351295014,0.999111921089
96,2022/05/19/14:31:39.121843,890,1652938299,121204195,map,108.251052827,-10.6770297782,1e-05,0.0,0.0,-0.0140479548586,0.999901322614
97,2022/05/19/14:31:39.321464,891,1652938299,321098921,map,108.480828921,-10.6659309945,1e-05,0.0,0.0,0.0153867390801,0.999881617123
98,2022/05/19/14:31:39.622080,892,1652938299,621224433,map,108.745955184,-10.6548322108,1e-05,0.0,0.0,0.0329346892537,0.999457505972
99,2022/05/19/14:31:39.821907,893,1652938299,821217380,map,108.949218651,-10.6659309945,1e-05,0.0,0.0,-0.0266088540526,0.999645921757
100,2022/05/19/14:31:40.121815,894,1652938300,121154974,map,109.187832287,-10.6659309945,1e-05,0.0,0.0,0.184270432436,0.982875581002
101,2022/05/19/14:31:40.322047,895,1652938300,321221438,map,109.426445923,-10.6548322108,1e-05,0.0,0.0,0.00306924393723,0.99999528986
102,2022/05/19/14:31:40.623720,896,1652938300,621218216,map,109.656222017,-10.6659309945,1e-05,0.0,0.0,0.0302198759596,0.99954327525
103,2022/05/19/14:31:40.822086,897,1652938300,821240179,map,109.868323027,-10.6548322108,1e-05,0.0,0.0,0.0773177250235,0.99700650419
104,2022/05/19/14:31:41.121817,898,1652938301,121222378,map,110.115774204,-10.6548322108,1e-05,0.0,0.0,-0.0367898686772,0.999323023633
105,2022/05/19/14:31:41.321846,899,1652938301,321192792,map,110.336712757,-10.6548322108,1e-05,0.0,0.0,-0.0604845334065,0.998169134575
106,2022/05/19/14:31:41.622557,900,1652938301,621259824,map,110.557651308,-10.6881285619,1e-05,0.0,0.0,-0.0275881475627,0.999619374619
107,2022/05/19/14:31:41.822070,901,1652938301,821224175,map,110.813940028,-10.6881285619,1e-05,0.0,0.0,0.0371944207118,0.999308048135
108,2022/05/19/14:31:42.122209,902,1652938302,121222152,map,111.017203496,-10.7214249121,1e-05,0.0,0.0,-0.0491276412452,0.998792508415
109,2022/05/19/14:31:42.321855,903,1652938302,321229456,map,111.193954337,-10.7325236958,1e-05,0.0,0.0,0.00959619653933,0.999953955446
110,2022/05/19/14:31:42.622044,904,1652938302,621198964,map,111.432567974,-10.7436224795,1e-05,0.0,0.0,-0.0343393202094,0.99941023163
111,2022/05/19/14:31:42.822158,905,1652938302,821245824,map,111.618156356,-10.7658200469,1e-05,0.0,0.0,-0.0781294581097,0.996943221942
112,2022/05/19/14:31:43.121925,906,1652938303,121273007,map,111.84793245,-10.7880176134,1e-05,0.0,0.0,-0.0862964509485,0.996269502973
113,2022/05/19/14:31:43.322050,907,1652938303,321214244,map,111.918632788,-10.8102151808,1e-05,0.0,0.0,0.00282708055651,0.9999960038
114,2022/05/19/14:31:43.622325,908,1652938303,621326689,map,112.27213447,-10.8213139645,1e-05,0.0,0.0,-0.0735410654765,0.997292189726
115,2022/05/19/14:31:43.822359,909,1652938303,821296236,map,112.52842319,-10.8657090984,1e-05,0.0,0.0,-0.113307519862,0.993559965952
116,2022/05/19/14:31:44.121915,910,1652938304,121168111,map,112.740524199,-10.8990054495,1e-05,0.0,0.0,-0.0442648841407,0.999019829649
117,2022/05/19/14:31:44.322489,911,1652938304,321830459,map,112.934950126,-10.9323017997,1e-05,0.0,0.0,-0.0840809849194,0.996458924379
118,2022/05/19/14:31:44.621941,912,1652938304,621235484,map,113.155888677,-10.998894501,1e-05,0.0,0.0,-0.161823507706,0.986819716237
119,2022/05/19/14:31:44.822370,913,1652938304,821195530,map,113.314964435,-11.0321908521,1e-05,0.0,0.0,-0.252490057114,0.967599488972
120,2022/05/19/14:31:45.121752,914,1652938305,121095325,map,113.491715276,-11.0654872024,1e-05,0.0,0.0,-0.31398052511,0.949429423313
121,2022/05/19/14:31:45.321717,915,1652938305,321097287,map,113.633115949,-11.0987835534,1e-05,0.0,0.0,-0.399586081721,0.91669567649
122,2022/05/19/14:31:45.621615,916,1652938305,621206212,map,113.774516622,-11.154277471,1e-05,0.0,0.0,-0.147943014434,0.988995886988
123,2022/05/19/14:31:45.821389,917,1652938305,821126713,map,113.960105005,-11.2097713887,1e-05,0.0,0.0,-0.115020284004,0.9933631432
124,2022/05/19/14:31:46.121371,918,1652938306,121169615,map,114.172206015,-11.2208701723,1e-05,0.0,0.0,-0.00841648914831,0.999964580728
125,2022/05/19/14:31:46.322990,919,1652938306,321047317,map,114.313606689,-11.2097713887,1e-05,0.0,0.0,0.11072950444,0.993850580745
126,2022/05/19/14:31:46.621189,920,1652938306,621013037,map,114.499195072,-11.2430677389,1e-05,0.0,0.0,-0.218908890921,0.975745303589
127,2022/05/19/14:31:46.822293,921,1652938306,821216630,map,114.658270829,-11.2874628736,1e-05,0.0,0.0,-0.301056499868,0.95360630445
128,2022/05/19/14:31:47.122036,922,1652938307,121146998,map,114.826184129,-11.3762531423,1e-05,0.0,0.0,-0.233187141001,0.97243187796
129,2022/05/19/14:31:47.322341,923,1652938307,321144270,map,115.020610054,-11.4317470599,1e-05,0.0,0.0,-0.149786342478,0.988718388424
130,2022/05/19/14:31:47.622115,924,1652938307,621280449,map,115.179685812,-11.5538336789,1e-05,0.0,0.0,-0.25910714682,0.965848583613
131,2022/05/19/14:31:47.821797,925,1652938307,821166464,map,115.347599111,-11.6759202978,1e-05,0.0,0.0,-0.35465489206,0.934997276754
132,2022/05/19/14:31:48.121902,926,1652938308,121137262,map,115.533187494,-11.8313032678,1e-05,0.0,0.0,-0.362616801615,0.931938332287
133,2022/05/19/14:31:48.321827,927,1652938308,321163422,map,115.709938336,-11.9977850207,1e-05,0.0,0.0,-0.367585570255,0.929989703459
134,2022/05/19/14:31:48.621850,928,1652938308,621163570,map,115.877851635,-12.1531679906,1e-05,0.0,0.0,-0.40291106816,0.915239133316
135,2022/05/19/14:31:48.821933,929,1652938308,821189349,map,116.036927392,-12.3307485272,1e-05,0.0,0.0,-0.426179503488,0.904638618901
136,2022/05/19/14:31:49.122091,930,1652938309,121168858,map,116.134140355,-12.5194278482,1e-05,0.0,0.0,-0.682365828563,0.731010859023
137,2022/05/19/14:31:49.321170,931,1652938309,320957719,map,116.293216112,-12.7192059522,1e-05,0.0,0.0,-0.265848972883,0.964014690561
138,2022/05/19/14:31:49.621184,932,1652938309,620976713,map,116.399266617,-12.9189840561,1e-05,0.0,0.0,-0.546210809375,0.837647749189
139,2022/05/19/14:31:49.821700,933,1652938309,820948283,map,116.54066729,-13.11876216,1e-05,0.0,0.0,-0.490114612506,0.871657998649
140,2022/05/19/14:31:50.121703,934,1652938310,120949854,map,116.655555337,-13.3518366142,1e-05,0.0,0.0,-0.574877301532,0.818239627605
141,2022/05/19/14:31:50.321914,935,1652938310,320952986,map,116.726255674,-13.5627135018,1e-05,0.0,0.0,-0.559762288452,0.828653232919
142,2022/05/19/14:31:50.621270,936,1652938310,620977162,map,116.84114372,-13.8179855233,1e-05,0.0,0.0,-0.585032839423,0.811009603394
143,2022/05/19/14:31:50.821864,937,1652938310,821213807,map,116.991381935,-14.0288624109,1e-05,0.0,0.0,-0.443337555305,0.896354735613
144,2022/05/19/14:31:51.121777,938,1652938311,121140497,map,117.132782609,-14.2619368659,1e-05,0.0,0.0,-0.537320657719,0.843378035515
145,2022/05/19/14:31:51.322016,939,1652938311,321175307,map,117.300695908,-14.4950113201,1e-05,0.0,0.0,-0.413098548877,0.910686328499
146,2022/05/19/14:31:51.623839,940,1652938311,621530803,map,117.459771665,-14.7280857751,1e-05,0.0,0.0,-0.527156921991,0.849767956325
147,2022/05/19/14:31:51.821706,941,1652938311,821155482,map,117.610009881,-14.9389626627,1e-05,0.0,0.0,-0.475564101889,0.879681070044
148,2022/05/19/14:31:52.121821,942,1652938312,121120386,map,117.795598264,-15.1387407666,1e-05,0.0,0.0,-0.429829889674,0.902909888052
149,2022/05/19/14:31:52.322046,943,1652938312,321179781,map,117.99002419,-15.3385188705,1e-05,0.0,0.0,-0.427407251699,0.904059202262
150,2022/05/19/14:31:52.621714,944,1652938312,621172563,map,118.175612573,-15.5271981908,1e-05,0.0,0.0,-0.427894044874,0.903828903256
151,2022/05/19/14:31:52.821824,945,1652938312,821145894,map,118.378876041,-15.7380750784,1e-05,0.0,0.0,-0.378878230957,0.92544653336
152,2022/05/19/14:31:53.122393,946,1652938313,121231483,map,118.555626882,-15.9156556149,1e-05,0.0,0.0,-0.389053528597,0.921215149618
153,2022/05/19/14:31:53.321903,947,1652938313,321098417,map,118.750052807,-16.1154337189,1e-05,0.0,0.0,-0.386372448422,0.922342848999
154,2022/05/19/14:31:53.621776,948,1652938313,621168354,map,118.953316276,-16.3041130391,1e-05,0.0,0.0,-0.375458439077,0.926839231219
155,2022/05/19/14:31:53.821712,949,1652938313,821141273,map,119.130067117,-16.5038911438,1e-05,0.0,0.0,-0.4192926883,0.907851111988
156,2022/05/19/14:31:54.122066,950,1652938314,121189863,map,119.324493043,-16.7147680306,1e-05,0.0,0.0,-0.411071220841,0.911603231344
157,2022/05/19/14:31:54.322776,951,1652938314,321160450,map,119.518918968,-16.9034473517,1e-05,0.0,0.0,-0.38619592766,0.922416774272
158,2022/05/19/14:31:54.622243,952,1652938314,621300017,map,119.713344894,-17.1143242385,1e-05,0.0,0.0,-0.414984970375,0.909828266412
159,2022/05/19/14:31:54.821693,953,1652938314,821180878,map,119.907770819,-17.2919047758,1e-05,0.0,0.0,-0.331445006724,0.943474539942
160,2022/05/19/14:31:55.121202,954,1652938315,120933600,map,120.102196744,-17.4472877458,1e-05,0.0,0.0,-0.315656406587,0.94887356006
161,2022/05/19/14:31:55.321410,955,1652938315,321048908,map,120.296622671,-17.6248682824,1e-05,0.0,0.0,-0.374504803793,0.927224973745
162,2022/05/19/14:31:55.621250,956,1652938315,620985215,map,120.482211054,-17.8135476026,1e-05,0.0,0.0,-0.369434408091,0.929256809563
163,2022/05/19/14:31:55.821511,957,1652938315,821072392,map,120.67663698,-17.9800293563,1e-05,0.0,0.0,-0.317125647685,0.948383531901
164,2022/05/19/14:31:56.121688,958,1652938316,121109111,map,120.844550278,-18.1021159752,1e-05,0.0,0.0,-0.31482517344,0.949149677432
165,2022/05/19/14:31:56.321941,959,1652938316,321140370,map,121.030138662,-18.2685977281,1e-05,0.0,0.0,-0.364720616807,0.931117002141
166,2022/05/19/14:31:56.622078,960,1652938316,621290108,map,121.23340213,-18.4128819144,1e-05,0.0,0.0,-0.277677593307,0.960674322638
167,2022/05/19/14:31:56.821666,961,1652938316,821166891,map,121.44550314,-18.5571661007,1e-05,0.0,0.0,0.476835474324,0.878992565626
168,2022/05/19/14:31:57.121941,962,1652938317,121131894,map,121.692954318,-18.7236478543,1e-05,0.0,0.0,-0.295756400648,0.955263393769
169,2022/05/19/14:31:57.322402,963,1652938317,321409656,map,121.966918122,-18.8568332569,1e-05,0.0,0.0,-0.184997643351,0.982738964301
170,2022/05/19/14:31:57.621145,964,1652938317,620947299,map,122.205531758,-18.9678210922,1e-05,0.0,0.0,-0.217546706402,0.976049911907
171,2022/05/19/14:31:57.821588,965,1652938317,821156718,map,122.417632768,-19.0455125772,1e-05,0.0,0.0,-0.182687956884,0.983170946687
172,2022/05/19/14:31:58.121204,966,1652938318,120965765,map,122.638571319,-19.1343028459,1e-05,0.0,0.0,-0.190838120757,0.981621521599
173,2022/05/19/14:31:58.321774,967,1652938318,321164693,map,122.894860039,-19.2119943301,1e-05,0.0,0.0,-0.046228286211,0.998930901291
174,2022/05/19/14:31:58.621834,968,1652938318,621191720,map,123.106961048,-19.2785870314,1e-05,0.0,0.0,-0.196721133673,0.980459481859
175,2022/05/19/14:31:58.821991,969,1652938318,821098384,map,123.372087311,-19.3229821661,1e-05,0.0,0.0,-0.0639908069478,0.997950488063
176,2022/05/19/14:31:59.122062,970,1652938319,121142934,map,123.628376031,-19.3673773,1e-05,0.0,0.0,-0.0372795337093,0.999304876585
177,2022/05/19/14:31:59.323455,971,1652938319,321317754,map,123.884664751,-19.4228712177,1e-05,0.0,0.0,-0.105031215136,0.994468925531
178,2022/05/19/14:31:59.621840,972,1652938319,621164794,map,124.167466098,-19.489463919,1e-05,0.0,0.0,-0.14987322783,0.988705221782
179,2022/05/19/14:31:59.821727,973,1652938319,821107170,map,124.450267444,-19.567155404,1e-05,0.0,0.0,-0.179462868737,0.983764747663
180,2022/05/19/14:32:00.121828,974,1652938320,121205431,map,124.715393705,-19.6226493216,1e-05,0.0,0.0,0.0217119349983,0.999764268155
181,2022/05/19/14:32:00.322221,975,1652938320,321372052,map,124.971682427,-19.7003408066,1e-05,0.0,0.0,-0.262368885864,0.964967651132
182,2022/05/19/14:32:00.621759,976,1652938320,621123519,map,125.236808688,-19.7558347242,1e-05,0.0,0.0,-0.182096090247,0.983280740133
183,2022/05/19/14:32:00.822196,977,1652938320,821244703,map,125.501934951,-19.8446249929,1e-05,0.0,0.0,-0.137511535372,0.990500165391
184,2022/05/19/14:32:01.121996,978,1652938321,121579587,map,125.705198418,-19.9223164779,1e-05,0.0,0.0,-0.179255967066,0.983802469133
185,2022/05/19/14:32:01.322078,979,1652938321,321342723,map,125.987999765,-20.0000079629,1e-05,0.0,0.0,-0.144849341696,0.989453722116
186,2022/05/19/14:32:01.622130,980,1652938321,621279255,map,126.279638652,-20.0887982307,1e-05,0.0,0.0,-0.195915166077,0.980620848086
187,2022/05/19/14:32:01.821687,981,1652938321,821090141,map,126.571277541,-20.1553909321,1e-05,0.0,0.0,-0.0840689847859,0.996459936875
188,2022/05/19/14:32:02.121614,982,1652938322,121122895,map,126.862916429,-20.1997860668,1e-05,0.0,0.0,-0.0745746830194,0.997215431415
189,2022/05/19/14:32:02.321975,983,1652938322,321181000,map,127.119205149,-20.2663787681,1e-05,0.0,0.0,-0.211723024188,0.977329709478
190,2022/05/19/14:32:02.621899,984,1652938322,621131805,map,127.366656328,-20.310773902,1e-05,0.0,0.0,-0.0720755727514,0.997399173758
191,2022/05/19/14:32:02.821717,985,1652938322,821162324,map,127.622945047,-20.3440702531,1e-05,0.0,0.0,-0.0976538559404,0.995220440114
192,2022/05/19/14:32:03.122221,986,1652938323,121127700,map,127.888071309,-20.388465387,1e-05,0.0,0.0,-0.0494598965924,0.998776110362
193,2022/05/19/14:32:03.322118,987,1652938323,321242420,map,128.162035113,-20.4106629544,1e-05,0.0,0.0,-0.0664119130138,0.997792291917
194,2022/05/19/14:32:03.621810,988,1652938323,621152931,map,128.435998917,-20.466156872,1e-05,0.0,0.0,-0.120501648263,0.992713127125
195,2022/05/19/14:32:03.822031,989,1652938323,821286922,map,128.683450096,-20.510552006,1e-05,0.0,0.0,-0.239500900702,0.970896142006
196,2022/05/19/14:32:04.122132,990,1652938324,121314867,map,128.9574139,-20.5549471399,1e-05,0.0,0.0,-0.0920329144976,0.99575596541
197,2022/05/19/14:32:04.321843,991,1652938324,321124244,map,129.204865078,-20.6104410583,1e-05,0.0,0.0,-0.0852884139786,0.996356304964
198,2022/05/19/14:32:04.621699,992,1652938324,621154899,map,129.496503966,-20.6770337596,1e-05,0.0,0.0,-0.119938443612,0.992781330276
199,2022/05/19/14:32:04.821625,993,1652938324,821132203,map,129.841168107,-20.7325276773,1e-05,0.0,0.0,-0.0700386996467,0.997544274983
200,2022/05/19/14:32:05.121809,994,1652938325,121239769,map,130.062106659,-20.7880215949,1e-05,0.0,0.0,-0.0830952813015,0.996541606871
201,2022/05/19/14:32:05.322134,995,1652938325,321209678,map,130.327232921,-20.8435155125,1e-05,0.0,0.0,-0.217727447041,0.976009609996
202,2022/05/19/14:32:05.621883,996,1652938325,621252777,map,130.61887181,-20.9101082138,1e-05,0.0,0.0,-0.106141374418,0.994351048995
203,2022/05/19/14:32:05.822221,997,1652938325,821318799,map,130.901673156,-20.9988984825,1e-05,0.0,0.0,-0.160554278824,0.987027012574
204,2022/05/19/14:32:06.121861,998,1652938326,121144257,map,131.166799417,-21.0543924001,1e-05,0.0,0.0,-0.082025655282,0.996630218223
205,2022/05/19/14:32:06.321927,999,1652938326,321269513,map,131.414250596,-21.1098863177,1e-05,0.0,0.0,-0.0941501021168,0.995558013514
206,2022/05/19/14:32:06.621825,1000,1652938326,621069649,map,131.670539316,-21.1542814525,1e-05,0.0,0.0,-0.0611874693335,0.998126291406
207,2022/05/19/14:32:06.821734,1001,1652938326,821128259,map,131.909152952,-21.2319729367,1e-05,0.0,0.0,-0.154329301129,0.988019466819
208,2022/05/19/14:32:07.121321,1002,1652938327,120941555,map,132.156604129,-21.298565638,1e-05,0.0,0.0,-0.0866768111543,0.996236483175
209,2022/05/19/14:32:07.321152,1003,1652938327,320941737,map,132.439405477,-21.3540595564,1e-05,0.0,0.0,-0.16480281868,0.986326533636
210,2022/05/19/14:32:07.621118,1004,1652938327,620927116,map,132.713369281,-21.409553474,1e-05,0.0,0.0,-0.0549375453894,0.99848979269
211,2022/05/19/14:32:07.821170,1005,1652938327,820938979,map,132.978495542,-21.4983437427,1e-05,0.0,0.0,-0.179555928976,0.98374776664
212,2022/05/19/14:32:08.121203,1006,1652938328,120934778,map,133.287809515,-21.5538376603,1e-05,0.0,0.0,-0.0607259913776,0.998154474002
213,2022/05/19/14:32:08.321940,1007,1652938328,320923823,map,133.552935777,-21.6204303616,1e-05,0.0,0.0,-0.0491617212024,0.99879083154
214,2022/05/19/14:32:08.621202,1008,1652938328,620939345,map,133.800386955,-21.7203194132,1e-05,0.0,0.0,-0.210394978653,0.977616465163
215,2022/05/19/14:32:08.821209,1009,1652938328,820935459,map,134.074350759,-21.7869121145,1e-05,0.0,0.0,-0.0671748341935,0.997741219781
216,2022/05/19/14:32:09.121185,1010,1652938329,120939046,map,134.304126853,-21.8868011668,1e-05,0.0,0.0,-0.252989395621,0.967469051548
217,2022/05/19/14:32:09.321292,1011,1652938329,320975252,map,134.533902947,-21.9644926518,1e-05,0.0,0.0,-0.111237639986,0.993793835486
218,2022/05/19/14:32:09.621361,1012,1652938329,620996888,map,134.834379378,-22.0199865695,1e-05,0.0,0.0,-0.0440145863137,0.999030888507
219,2022/05/19/14:32:09.822273,1013,1652938329,821331059,map,135.081830556,-22.1087768373,1e-05,0.0,0.0,-0.324024333301,0.946048746856
220,2022/05/19/14:32:10.122032,1014,1652938330,121276616,map,135.364631902,-22.1531719721,1e-05,0.0,0.0,0.0379946988804,0.999277940744
221,2022/05/19/14:32:10.322123,1015,1652938330,321331747,map,135.61208308,-22.2308634571,1e-05,0.0,0.0,-0.173569627325,0.984821600327
222,2022/05/19/14:32:10.621624,1016,1652938330,621128253,map,135.8683718,-22.2863573747,1e-05,0.0,0.0,-0.0662307984089,0.997804330188
223,2022/05/19/14:32:10.821682,1017,1652938330,821130153,map,136.098147894,-22.3751476434,1e-05,0.0,0.0,-0.134986167099,0.990847483063
224,2022/05/19/14:32:11.121714,1018,1652938331,121180021,map,136.345599071,-22.4417403447,1e-05,0.0,0.0,-0.080419082334,0.996761140493
225,2022/05/19/14:32:11.321789,1019,1652938331,321198490,map,136.610725334,-22.4639379113,1e-05,0.0,0.0,0.0148540382374,0.999889672688
226,2022/05/19/14:32:11.621924,1020,1652938331,621263490,map,136.858176511,-22.5194318289,1e-05,0.0,0.0,-0.312633760077,0.949873745326
227,2022/05/19/14:32:11.822095,1021,1652938331,821466309,map,137.096790148,-22.508333046,1e-05,0.0,0.0,0.0525756086177,0.99861694627
228,2022/05/19/14:32:12.122679,1022,1652938332,121276085,map,137.335403783,-22.5527281799,1e-05,0.0,0.0,-0.122918974258,0.992416709738
229,2022/05/19/14:32:12.322521,1023,1652938332,321378655,map,137.609367588,-22.5860245302,1e-05,0.0,0.0,-0.105065581452,0.994465295319
230,2022/05/19/14:32:12.622287,1024,1652938332,621257832,map,137.883331392,-22.6637160152,1e-05,0.0,0.0,-0.0686375265043,0.997641664104
231,2022/05/19/14:32:12.822006,1025,1652938332,821224481,map,138.139620112,-22.7414075002,1e-05,0.0,0.0,-0.114345050203,0.993441095131
232,2022/05/19/14:32:13.122015,1026,1652938333,121328058,map,138.440096542,-22.7747038512,1e-05,0.0,0.0,0.0168096960147,0.999858707078
233,2022/05/19/14:32:13.321811,1027,1652938333,321166672,map,138.722897889,-22.8080002015,1e-05,0.0,0.0,-0.0802223233704,0.996776995538
234,2022/05/19/14:32:13.622110,1028,1652938333,621278108,map,138.970349066,-22.8412965525,1e-05,0.0,0.0,-0.0451614348437,0.998979701897
235,2022/05/19/14:32:13.821952,1029,1652938333,821250415,map,139.235475329,-22.8745929028,1e-05,0.0,0.0,-0.10384671582,0.994593313678
236,2022/05/19/14:32:14.122471,1030,1652938334,121311581,map,139.518276675,-22.8967904701,1e-05,0.0,0.0,-0.0318069252917,0.99949403175
237,2022/05/19/14:32:14.322006,1031,1652938334,321172422,map,139.801078022,-22.8745929028,1e-05,0.0,0.0,0.0992794582317,0.995059590765
238,2022/05/19/14:32:14.621875,1032,1652938334,621228847,map,140.066204283,-22.8745929028,1e-05,0.0,0.0,-0.0501227348512,0.998743065784
239,2022/05/19/14:32:14.822118,1033,1652938334,821152173,map,140.304817919,-22.8856916865,1e-05,0.0,0.0,-0.0627869486642,0.998026953082
240,2022/05/19/14:32:15.122421,1034,1652938335,121495913,map,140.552269097,-22.9078892538,1e-05,0.0,0.0,-0.0518828743108,0.99865317671
241,2022/05/19/14:32:15.322282,1035,1652938335,321264838,map,140.81739536,-22.9189880367,1e-05,0.0,0.0,-0.0557356813493,0.998445558768
242,2022/05/19/14:32:15.622191,1036,1652938335,621280785,map,141.082521621,-22.9189880367,1e-05,0.0,0.0,0.0177156486478,0.999843065582
243,2022/05/19/14:32:15.822890,1037,1652938335,821164389,map,141.338810341,-22.9522843878,1e-05,0.0,0.0,-0.125056524317,0.992149618619
244,2022/05/19/14:32:16.124191,1038,1652938336,121193916,map,141.603936604,-22.985580738,1e-05,0.0,0.0,-0.0315974166093,0.99950067697
245,2022/05/19/14:32:16.322169,1039,1652938336,321312524,map,141.877900408,-23.0188770891,1e-05,0.0,0.0,-0.0892816969423,0.996006414935
246,2022/05/19/14:32:16.622144,1040,1652938336,621286999,map,142.160701754,-23.0410746564,1e-05,0.0,0.0,-0.0253506347766,0.999678621016
247,2022/05/19/14:32:16.821999,1041,1652938336,821217030,map,142.416990474,-23.0743710067,1e-05,0.0,0.0,0.00694190407704,0.999975904694
248,2022/05/19/14:32:17.122146,1042,1652938337,121259687,map,142.690954278,-23.0743710067,1e-05,0.0,0.0,-0.0461214116449,0.998935841477
249,2022/05/19/14:32:17.322329,1043,1652938337,321333574,map,142.973755625,-23.0743710067,1e-05,0.0,0.0,-0.0320924026062,0.999484906187
250,2022/05/19/14:32:17.621847,1044,1652938337,621201275,map,143.230044345,-23.1187661414,1e-05,0.0,0.0,0.0332344598869,0.999447582756
251,2022/05/19/14:32:17.821855,1045,1652938337,821232739,map,143.486333065,-23.1187661414,1e-05,0.0,0.0,0.0198941319704,0.999802092173
252,2022/05/19/14:32:18.122019,1046,1652938338,121260404,map,143.751459326,-23.1631612754,1e-05,0.0,0.0,-0.0453727519094,0.998970126372
253,2022/05/19/14:32:18.322589,1047,1652938338,321476624,map,143.990072963,-23.2519515441,1e-05,0.0,0.0,-0.186950978536,0.982369244034
254,2022/05/19/14:32:18.622006,1048,1652938338,621318629,map,144.264036768,-23.296346678,1e-05,0.0,0.0,0.0613224783469,0.998118005874
255,2022/05/19/14:32:18.822221,1049,1652938338,821339621,map,144.502650403,-23.3296430283,1e-05,0.0,0.0,-0.0683602356579,0.997660702935
256,2022/05/19/14:32:19.122148,1050,1652938339,121314512,map,144.767776665,-23.3629393793,1e-05,0.0,0.0,-0.133849892305,0.991001617723
257,2022/05/19/14:32:19.322192,1051,1652938339,321339969,map,145.041740469,-23.4961247819,1e-05,0.0,0.0,-0.400932236066,0.916107713145
258,2022/05/19/14:32:19.622084,1052,1652938339,621223336,map,145.280354106,-23.5627174832,1e-05,0.0,0.0,0.0132741481033,0.999911894615
259,2022/05/19/14:32:19.822097,1053,1652938339,821317099,map,145.510130198,-23.6404089682,1e-05,0.0,0.0,-0.0584695467164,0.998289192622
260,2022/05/19/14:32:20.122586,1054,1652938340,121355306,map,145.775256461,-23.7735943708,1e-05,0.0,0.0,-0.204292656946,0.978909858117
261,2022/05/19/14:32:20.322269,1055,1652938340,321398090,map,145.996195012,-23.8068907211,1e-05,0.0,0.0,-0.127865498621,0.991791517539
262,2022/05/19/14:32:20.621991,1056,1652938340,621256091,map,146.217133565,-23.9622736911,1e-05,0.0,0.0,-0.312156344886,0.950030744948
263,2022/05/19/14:32:20.822186,1057,1652938340,821311506,map,146.4557472,-24.0954590937,1e-05,0.0,0.0,-0.187289421139,0.982304775886
264,2022/05/19/14:32:21.122360,1058,1652938341,121399615,map,146.694360836,-24.1842493624,1e-05,0.0,0.0,-0.270391504985,0.962750452626
265,2022/05/19/14:32:21.322123,1059,1652938341,321394129,map,146.888786763,-24.2175457126,1e-05,0.0,0.0,-0.0199391525332,0.999801195336
266,2022/05/19/14:32:21.621704,1060,1652938341,621125452,map,147.109725314,-24.3063359813,1e-05,0.0,0.0,-0.211778802265,0.977317624374
267,2022/05/19/14:32:21.821907,1061,1652938341,821310994,map,147.321826323,-24.3729286826,1e-05,0.0,0.0,-0.166073208511,0.986113426242
268,2022/05/19/14:32:22.122885,1062,1652938342,121330376,map,147.533927333,-24.4728177342,1e-05,0.0,0.0,-0.168383833464,0.985721504598
269,2022/05/19/14:32:22.322011,1063,1652938342,321232574,map,147.710678175,-24.4839165179,1e-05,0.0,0.0,-0.168383833464,0.985721504598
270,2022/05/19/14:32:22.622114,1064,1652938342,621219321,map,147.852078848,-24.5283116526,1e-05,0.0,0.0,-0.168383833464,0.985721504598
271,2022/05/19/14:32:22.822077,1065,1652938342,821242056,map,147.940454268,-24.5283116526,1e-05,0.0,0.0,-0.168383833464,0.985721504598
272,2022/05/19/14:32:23.122196,1066,1652938343,121193148,map,148.011154606,-24.5172128689,1e-05,0.0,0.0,-0.168383833464,0.985721504598
273,2022/05/19/14:32:23.322209,1067,1652938343,321204505,map,148.055342316,-24.5394104355,1e-05,0.0,0.0,-0.618659088525,0.785659552342
274,2022/05/19/14:32:23.621951,1068,1652938343,621253876,map,148.099530026,-24.5505092192,1e-05,0.0,0.0,-0.0185196770854,0.999828496074
275,2022/05/19/14:32:23.821995,1069,1652938343,821258385,map,148.134880195,-24.5394104355,1e-05,0.0,0.0,-0.168383833464,0.985721504598
276,2022/05/19/14:32:24.122559,1070,1652938344,121162006,map,148.134880195,-24.5172128689,1e-05,0.0,0.0,-0.168383833464,0.985721504598
